   1.0000000e+00   1.3209208e-02   1.4680380e+00  -2.5741002e-01   8.3302715e-01   4.1261837e-01  -6.7747473e-01  -9.2730965e-01   6.2275889e-02   1.0646641e+00   2.7622291e-01
   2.0000000e+00   1.6164173e+00   3.9550383e-01   2.1121004e-01   1.1628903e+00   2.6965843e-01  -1.8918959e+00   1.6287824e-01  -4.6990274e-01  -2.4744493e-02  -1.5130569e+00
   2.0000000e+00  -3.8093151e-01  -3.0779763e-01   7.1336135e-02  -6.7784270e-02  -2.1449523e-01  -8.9609279e-01   4.7337751e-01   1.3803272e+00  -1.2460448e+00   7.6870462e-01
   1.0000000e+00   9.7279999e-01   3.1279761e-01  -5.4455568e-01  -7.3522822e-02   6.2235611e-01   3.2915684e-01   1.3662496e+00   1.5890004e-01   7.8732212e-02   4.4382898e-01
   2.0000000e+00   2.2204478e-01  -4.8597855e-01   2.2009700e-01  -6.4362031e-02   5.2730807e-01  -4.6353464e-01   2.1258320e-01   1.3905804e+00  -8.5068102e-01   4.5961467e-01
   2.0000000e+00  -1.0103660e+00   9.3010474e-01  -2.8492513e-01  -3.3496544e-01  -2.4973419e+00  -1.9672275e+00   1.0530301e-01   1.4388496e+00  -9.1378321e-01  -4.7932659e-01
   2.0000000e+00  -1.0657247e+00   1.7470335e-01   5.2887235e-01  -1.5331483e+00  -8.6594318e-01   3.1630540e-01  -9.7453408e-01   1.4705468e+00  -4.5058079e-01  -1.8571938e+00
   2.0000000e+00   3.4456084e-02  -2.9685662e-01  -5.7658224e-02   1.6039403e-01   2.7781296e-01  -8.7288019e-01   5.1268920e-01  -1.0740440e+00  -1.0746019e-01   3.8586036e-01
   2.0000000e+00  -2.0820481e+00  -1.3292897e+00   8.5020368e-01  -6.2422852e-01  -7.6184862e-01   1.0854164e+00   7.1541725e-01  -1.4545042e-01   8.4722816e-01  -7.8547885e-01
   2.0000000e+00   8.0681348e-01   1.9746335e+00  -1.1207010e+00   1.9738466e+00   8.2366810e-01   7.7955632e-01   5.5861956e-01   2.1307825e+00  -8.6660011e-01  -4.4088038e-01
   2.0000000e+00  -1.3225995e+00  -1.8237691e-01   1.5760421e+00  -4.8427727e-01  -2.2932952e-01  -3.2927636e-01  -7.6189950e-01  -1.2258067e+00  -5.8015840e-01   1.4192086e+00
   2.0000000e+00   1.0835822e+00  -1.7530077e+00   3.7581263e-01   8.6508863e-01   5.2647266e-01   5.5630410e-01   3.5845875e-01   2.7091614e+00   5.0062299e-01  -3.9763279e-01
   2.0000000e+00   1.1415126e+00  -1.0053041e+00   4.4510848e-01  -2.2976739e+00   4.6393886e-01   1.3933506e+00  -2.5681869e-01   8.4473388e-01  -3.6134615e-01   2.1403940e-01
   1.0000000e+00  -3.5825801e-01   1.3607667e+00   7.8549301e-01   9.3404979e-01   1.2879763e-01   1.0255270e-01  -3.8409835e-01   2.4367472e-01   5.3110224e-01   1.1452280e+00
   2.0000000e+00  -1.6562799e+00  -5.1930360e-02  -2.4164585e+00  -1.0426696e-01  -1.8146067e+00  -4.2882619e-01  -1.4657397e-02  -4.4595250e-01  -2.7310492e+00   8.6966933e-01
   2.0000000e+00   2.7994254e-01  -1.5612510e-01  -9.0498174e-01  -2.0283614e+00  -2.0922726e-01  -8.3213684e-01   4.0604721e-01   1.4305032e-01  -7.8734971e-01  -7.1497761e-01
   2.0000000e+00  -7.3166415e-02   3.5940910e-01  -7.3517389e-01   6.2703504e-01  -4.8292590e-01  -1.7505273e+00   3.9252949e-01  -4.9517205e-01   8.2563944e-01  -4.6186869e-01
   2.0000000e+00  -3.4555443e-01  -7.4135578e-01   2.0903466e-01  -5.5139813e-01   6.4007929e-01  -1.5759701e+00  -1.9423952e-01  -5.8414229e-01  -1.0156573e-01   2.1185789e-01
   2.0000000e+00  -1.2255683e+00  -1.1026656e-01  -1.5389832e-01   1.8695638e+00  -2.8888589e-01   7.5032478e-01  -5.4604184e-02  -1.4154900e-01  -8.5394680e-02  -8.2761570e-01
   2.0000000e+00  -5.6708907e-01   3.5108665e-01   5.2354195e-01  -2.5442011e+00   1.7738298e+00   4.9849427e-01   1.2318577e-01   1.2327681e+00  -2.2748504e-01  -9.2709240e-01
   2.0000000e+00  -1.0942170e+00   9.6906932e-01   1.0332353e+00   8.4974962e-01  -9.7836767e-01  -3.2865653e-01   1.7971468e-01   2.8283419e-01   3.7680892e-01   7.1715306e-01
   2.0000000e+00  -3.7626142e-01   7.2388550e-01  -9.7893047e-01  -2.3274065e-01   4.3023213e-01   8.9475583e-01  -5.9792973e-01  -1.8481308e-01  -1.0954390e+00   1.6875538e-01
   2.0000000e+00   9.9699445e-02  -5.8416577e-01   3.7678271e-01  -5.7685549e-01   7.8396954e-01  -1.9240921e-01  -2.1026899e-01  -8.7258017e-02  -1.7352745e+00  -9.5308888e-02
   1.0000000e+00   9.8562339e-01  -1.4791685e+00   4.4552684e-02  -7.2574166e-01  -8.0835022e-03  -4.9263695e-01  -7.0134335e-01   2.7629662e-01   8.9182917e-01  -3.1886163e-01
   1.0000000e+00  -1.6812834e-01  -9.8153965e-02   2.4221695e-01   8.1059623e-01   1.8097650e-01   1.1394158e+00  -8.3511224e-01   2.5860899e-01  -1.6766726e+00  -7.0145572e-01
   2.0000000e+00  -1.2958974e+00   2.9054458e-01   1.1324206e+00  -9.7034793e-01  -1.3474442e+00  -7.3271326e-01   3.1228765e-01  -2.9098574e-01   1.1012205e+00   2.3509968e-01
   2.0000000e+00  -1.7323056e+00   7.5163262e-01  -2.0054045e+00  -1.0996151e+00   6.0939312e-01   6.7813681e-01  -1.3810645e-02   8.2733754e-01  -7.0027687e-01   7.3990976e-01
   2.0000000e+00  -4.8005318e-01  -1.0586106e+00  -1.1413018e+00   1.4932197e+00   1.0274620e+00   4.8944933e-01  -3.7786955e-03   4.6214464e-01  -2.0807950e+00   1.0952640e+00
   2.0000000e+00   4.4546725e-01  -4.7188882e-01  -2.2776432e-01  -1.7548673e+00   3.5748610e-01   8.3701434e-01  -7.4153730e-01  -5.0552353e-01  -1.2087690e+00  -2.2623006e-01
   2.0000000e+00   5.0637462e-01   9.7717395e-01   1.6064810e+00   4.8812901e-01   8.0238168e-01   3.3824517e-01  -2.1423593e-01   9.0139674e-01   9.3597847e-02  -2.8138476e-01
   2.0000000e+00  -4.7700982e-01  -6.9105602e-01   1.6896069e-01  -9.9299534e-01   8.1607079e-02  -1.8075981e+00   8.3231519e-01  -2.6200814e+00   6.9613343e-01  -1.4008923e-01
   2.0000000e+00  -4.1769085e-02   7.3981056e-02   6.3838758e-01  -6.8420069e-01   3.2886368e-01  -3.8102032e-01  -7.5392016e-01   8.8334231e-01   1.2907945e-01  -2.4632686e-01
   1.0000000e+00  -3.3471731e-01  -2.4585430e-01  -1.3410814e-01   8.2494303e-01   1.1406450e-01   1.6642775e+00  -3.0373250e-01   8.5905472e-01  -4.1292294e-01   1.2682440e+00
   2.0000000e+00   1.1911834e+00  -7.4172527e-02   1.4299884e+00  -1.5969824e+00   1.2574423e+00  -8.7340470e-02   1.6806246e-01   1.1847841e+00  -2.4972039e-01  -1.3632481e-01
   2.0000000e+00  -3.2307464e-01   1.7265364e+00   1.0145610e+00  -3.3264588e-02   1.2873200e+00  -8.0105025e-01   8.1298265e-01   8.7709209e-01   2.3988427e+00  -7.0434614e-01
   2.0000000e+00  -6.8913769e-01   1.6261490e+00  -3.1444386e-01   4.0350493e-01  -6.4604053e-02  -1.7349933e+00   4.7886514e-01  -1.8863540e+00  -1.6506222e-01  -2.5678847e-01
   2.0000000e+00   5.7125192e-01   2.4516261e-01   5.6558270e-01  -1.3684734e+00  -1.2327114e-01  -1.1457190e+00  -9.7517396e-02   9.5199325e-01  -1.9596327e+00   2.5482741e-01
   2.0000000e+00   6.5917823e-01   1.2455777e+00  -1.4166978e+00   2.3766675e-01   8.7246536e-01   2.2795208e-01   2.1523429e-01  -2.0882239e-01   2.1968677e-01  -2.1301534e+00
   2.0000000e+00  -1.0122487e+00   1.1233876e+00  -1.1424852e+00   1.7037451e+00  -7.2613510e-01  -1.3378889e-01  -1.9290351e+00  -7.5301294e-01   8.2570866e-01   1.7100812e+00
   2.0000000e+00   3.7240356e-01  -6.1326688e-01   5.0135186e-01   2.8321185e-02  -3.8520355e-02  -5.0958469e-01  -4.8648703e-01  -4.7878062e-01   2.8466012e-01   2.6138957e-01
   2.0000000e+00   7.9237961e-01  -2.3496107e-01  -1.1891407e-01  -1.3986375e-01   1.5197519e-01  -1.6526703e+00   3.9092494e-01   9.7099274e-01  -1.3784608e+00   6.1207219e-01
   2.0000000e+00  -2.0984841e+00   9.0320273e-02  -1.8169381e-01  -2.7104395e-01  -5.9477208e-01   6.6299056e-02  -5.9219398e-01  -4.2226748e-01  -2.6102576e+00  -1.9983103e-01
   2.0000000e+00   6.7856105e-01   1.7905530e+00  -1.2230256e+00   6.1978517e-02  -1.0492761e-01  -8.2897436e-01   3.8587544e+00   8.1398868e-01  -4.7956175e-01   1.3975228e+00
   2.0000000e+00  -3.0843356e-01   8.8128976e-01   2.1397320e-01   7.5452929e-01   4.2855756e-02   1.0729314e+00  -3.6105443e-01  -8.6623117e-01   3.5069328e-01  -6.5654571e-01
   2.0000000e+00   1.8363494e+00  -8.2551575e-01   3.3761841e-01  -1.3001145e+00   1.3989924e+00  -5.8909100e-01   8.4175802e-02  -1.3144182e+00  -3.4726235e-01   3.9765450e-01
   1.0000000e+00  -1.5499428e+00  -1.0941267e+00   7.8075109e-02  -6.4063139e-01   3.5833364e-01  -2.3587103e-02  -2.1753609e-02   7.5094116e-01  -1.8648121e+00  -3.1432301e-01
   2.0000000e+00  -9.2052771e-01  -6.9643691e-02  -4.5581245e-01   1.3410840e+00  -3.9370009e-01   6.0289524e-01   1.3510258e+00   1.5743807e+00  -1.3995028e+00   7.2767092e-01
   2.0000000e+00   1.2032778e+00  -1.5374814e-01   4.1238296e-01  -2.0623900e-01   1.7618340e+00  -6.1061216e-01  -1.5378093e+00  -4.7685879e-01  -1.6490887e+00  -3.1655007e-01
   2.0000000e+00   8.1959966e-01   1.1850606e+00   3.0178117e-01   6.0286790e-01   2.6535683e-01   7.5189065e-01   2.8233368e-02  -7.9579216e-01   3.4692387e-01   1.6636202e-01
   2.0000000e+00  -8.9749808e-02  -7.4291359e-01  -1.3009575e+00   8.7627218e-01  -1.7040264e-01   4.1954385e-01   9.0614650e-01  -1.2186176e-01   6.1018524e-01  -1.0686064e+00
   1.0000000e+00   6.6571817e-01   1.7249685e+00  -6.0305584e-01  -1.2051851e+00   9.8672769e-01  -1.9013173e+00   2.6812751e-01   1.9355295e-01   1.5926006e-01   9.9651729e-01
   2.0000000e+00  -8.7570169e-01   7.9014180e-01  -1.3655701e+00  -1.8853768e-02   2.7362066e+00  -1.6027162e+00  -1.1595763e+00  -1.8713658e+00  -2.8254859e-03  -9.5268982e-01
   2.0000000e+00  -3.6913826e-01   1.3036905e+00  -4.4677867e-01  -1.0876747e+00   7.1736760e-01   1.7989468e+00   3.8917769e-01  -7.6406655e-01  -8.8359623e-01  -1.3009286e+00
   2.0000000e+00  -1.2014223e+00   1.4093920e+00   1.4259092e+00  -2.1439788e-01  -5.7295864e-01  -4.9043701e-01   1.3461558e-01   8.5427645e-01  -5.4788956e-01   1.0907150e+00
   2.0000000e+00  -5.3370506e-01   1.9387502e+00  -5.1673428e-01   1.0634407e+00  -3.7118703e-02  -1.8984883e+00   1.3162961e+00   9.8545320e-01   3.8962716e-01   3.0524352e-01
   2.0000000e+00  -1.8930081e+00  -6.4457047e-02  -3.5964187e-01   4.2505269e-01  -3.8500677e-01   4.1390182e-01   1.9573644e+00  -6.6392403e-01  -3.5454255e-01   2.4620950e+00
   1.0000000e+00  -5.0582465e-01   9.8645869e-01   1.2990451e-01  -1.6303858e-01  -1.2583817e-01   2.1589257e-01  -7.7350570e-01   5.3522505e-01  -1.0360167e+00  -5.0282234e-02
   2.0000000e+00   7.2438790e-01  -1.7629862e+00  -4.8794840e-01   2.2859542e-01   4.7226664e-01  -1.2236000e+00  -1.6321164e-02   8.2901352e-01   4.4896832e-01   1.9515789e-02
   2.0000000e+00  -1.8216541e-01  -2.7689622e-01  -2.1335294e+00  -3.7698144e-01  -4.8928499e-01  -9.9065861e-01   6.3665027e-01  -2.1982572e-01  -4.4559253e-02  -7.8725040e-01
   2.0000000e+00   1.3869021e+00  -1.7342801e-01   4.3603026e-01   5.7938389e-01   8.4929535e-02  -2.0427440e+00  -1.0302629e+00  -8.3432387e-01  -4.4521053e-01   7.6780847e-01
   2.0000000e+00  -7.6427944e-01   5.7760462e-02  -4.0737739e-01   9.4307488e-01  -4.5424929e-01   6.2046722e-01  -1.0458979e+00  -2.0651426e-01   5.6791922e-01  -1.6608998e+00
   2.0000000e+00   8.1276345e-01  -1.5628645e-01   2.4237252e-01  -1.7736416e-01   8.8950820e-01   5.2250504e-01  -5.4192879e-01  -1.9483594e-01   1.7960018e-02   9.2863312e-01
   2.0000000e+00   2.7715654e+00  -1.1410654e+00  -3.4679671e-01  -9.0048986e-02   2.1471889e-01   2.4904849e-01   7.2459533e-01  -3.4291962e-01  -5.3014266e-01   3.6783005e-01
   2.0000000e+00  -1.3624160e+00   2.0766128e+00   6.1011816e-02  -8.0478853e-01  -1.4364524e-01  -2.2445817e+00  -1.2533946e+00  -3.7191121e-01  -2.3384904e+00   6.9564972e-01
   2.0000000e+00   1.5695326e+00   2.9997527e-02  -8.1347428e-01  -2.1451330e+00  -1.0257683e+00  -1.8633540e-02  -9.7738303e-02  -3.8826788e-01  -1.4681482e+00  -6.2658267e-01
   2.0000000e+00  -5.7883543e-01   1.8313088e+00  -8.1427630e-01   2.6653433e+00  -5.1284278e-01  -1.0660708e+00  -6.6652466e-01   6.6719517e-01   6.4066326e-01   4.7207473e-01
   1.0000000e+00   1.4263945e+00  -5.0709268e-01  -4.3422004e-01   2.2946042e-01  -8.0643342e-01  -5.2725688e-01  -2.7220788e-01   4.1605796e-02   9.6512230e-01   6.1929459e-02
   2.0000000e+00   2.3435573e+00  -7.8064505e-01  -9.0709367e-01  -4.4918051e-01   7.6616970e-01  -2.6068443e-01  -6.7907583e-01   1.1954687e+00   1.0253379e+00  -2.7489718e-01
   1.0000000e+00  -1.1739253e+00  -1.1691475e+00   5.9606016e-02   1.5388010e+00   9.3711424e-01  -1.3771709e-01  -6.4432088e-02   7.7153362e-02  -1.9584310e+00   9.1271928e-01
   2.0000000e+00  -7.6635868e-01   1.2040286e-01  -6.1222166e-01   5.6874164e-01  -9.5821384e-03   1.0663849e+00  -1.1493350e+00   2.1014550e+00  -7.8832550e-01   1.8187694e+00
   1.0000000e+00   7.0777081e-02   1.9990856e+00  -2.6763492e-01   1.1727713e+00  -2.3268764e+00  -8.4010272e-01   1.3430051e+00   1.0949427e-01  -1.3042867e+00   1.1030918e+00
   2.0000000e+00   1.2697153e+00   5.0902830e-01  -7.7245874e-01   1.6927333e-01  -1.3229917e+00  -1.0150041e+00  -3.2537373e-01  -5.8678242e-01   4.3507629e-01  -3.2615917e+00
   2.0000000e+00  -6.3848959e-01   3.9284060e-01  -2.9997929e-01   1.4833536e-01  -7.2407725e-01   1.3325149e+00  -4.7000964e-02   5.6227741e-01  -8.7057516e-02   2.9015266e+00
   2.0000000e+00  -3.9795207e-01   1.4180433e-02   2.2071340e-01  -9.5984939e-01   2.4802048e-01  -4.9668406e-01   6.3655751e-02   9.0449022e-01   5.2282012e-01  -1.7741233e+00
   2.0000000e+00  -2.0919156e+00   1.2699462e-01   1.0699903e+00  -4.7922608e-01  -9.2525682e-01  -1.9342865e+00  -9.7331775e-01  -6.2577826e-01  -4.3006970e-01   8.9541213e-01
   2.0000000e+00  -2.3474105e-01   2.2277687e-01  -1.9207343e+00  -9.3456133e-02  -6.7020348e-01   1.8120525e+00   7.2316575e-01  -2.0760831e-02   2.1670333e-01  -2.1577099e+00
   2.0000000e+00   1.3801659e+00   8.4549340e-01  -1.9593159e+00   1.8024207e+00   8.7614308e-01   3.7819634e-01   6.4529182e-01  -6.3931544e-01   1.5253368e+00   1.3265618e+00
   2.0000000e+00   1.8183833e-02  -4.6796734e-02   3.6413249e-01  -1.7497868e+00  -4.8145977e-01   1.4370538e+00  -2.8974826e-01   4.7314997e-01   3.9100845e-02   2.0332957e+00
   2.0000000e+00  -5.9638929e-01   1.4964810e+00  -8.1764716e-01  -1.0180358e+00  -1.1833564e-03  -4.9620679e-01   6.7834440e-01  -6.3245426e-01  -7.4472020e-01  -1.5230455e+00
   1.0000000e+00   2.4187191e-01   2.3882539e-01  -3.3917751e-01  -6.2956954e-01  -5.6060779e-01   8.9311686e-01   1.4935674e+00   6.7111047e-02  -5.7194841e-01   2.2792272e-02
   2.0000000e+00   3.4962634e-01  -6.6502755e-01   1.5908390e+00  -1.2327130e+00   3.5419582e-01   9.4721305e-01  -9.4437463e-01  -2.3066393e+00  -1.9000199e+00   8.2614620e-02
   1.0000000e+00  -6.6244619e-01   2.1985274e-01  -3.3081086e-01  -1.5369526e+00   3.1373032e-01  -1.4106632e-01  -9.7833060e-01   7.4919538e-01   5.3280198e-01   4.8841145e-01
   1.0000000e+00  -2.4315385e+00   1.3609111e-01   2.8525957e-01  -3.9599923e-01   7.7407423e-01  -2.7790658e-01  -9.6347976e-02   6.2765402e-01  -1.0874286e-02  -1.6098364e+00
   2.0000000e+00  -1.3788628e+00   4.8737649e-01  -8.8372331e-01  -6.6457821e-01  -4.0436190e-01   8.5068897e-02   5.9375690e-01  -7.3518014e-01  -1.0572514e+00   1.3472732e+00
   2.0000000e+00  -1.0000634e+00  -1.0540109e+00   1.7393496e+00  -9.9288099e-01   1.3910507e+00  -9.3656101e-02   8.9279802e-02   1.1032698e+00  -1.2236021e+00  -3.3547010e+00
   1.0000000e+00  -1.1366196e+00   4.2494613e-02  -7.7426057e-01   7.6358680e-01  -3.9646183e-01  -6.1875465e-01  -2.5570238e-01   4.0958191e-01   3.5926790e-01  -7.5930937e-01
   2.0000000e+00   5.2045413e-02   1.6071281e+00  -3.3477904e-02   1.2057084e+00   3.7342522e-01  -7.1427572e-01  -3.6454586e-01  -7.9908881e-01   6.5426826e-01  -3.9345950e-01
   2.0000000e+00   1.0309824e+00   4.2082958e-01  -4.7245660e-02   2.6043005e-01   1.1866358e-01   4.1019225e-01   1.5313573e+00   9.7324198e-01  -5.0790383e-01   1.0568741e+00
   2.0000000e+00   1.4948768e-01   1.6578729e+00   1.2248126e+00   2.1666385e-01   3.3899311e-01  -4.3337682e-01  -1.6633729e+00   9.1897738e-01   8.5187444e-02  -5.9255742e-01
   1.0000000e+00   7.9542191e-02  -1.0460334e+00  -1.5908537e-01  -6.0072853e-01   4.3530764e-01  -4.4596692e-01  -7.3896117e-02   9.4568278e-02   7.0646826e-01  -4.3251478e-01
   2.0000000e+00   8.6431206e-01  -9.6300958e-02   6.6267045e-01  -9.4765077e-01  -1.3846773e+00   8.9871005e-02  -2.7001054e-01  -8.0696261e-02   1.0879108e+00  -1.0890212e-01
   2.0000000e+00   2.2511183e-02  -9.6421347e-01   5.3148729e-02  -9.8853199e-01   9.4983459e-01   3.7424270e-01  -7.5318826e-01   1.8992848e+00  -2.2926803e-01   2.2594777e-01
   2.0000000e+00  -1.3759522e+00  -4.2141597e-01  -7.9023756e-01   4.6351458e-01  -8.1212738e-01   4.3980988e-01  -1.1420989e+00  -1.3432091e+00   5.5427644e-01  -1.0476922e+00
   2.0000000e+00  -1.6979169e-01   1.7805066e-01  -4.1505099e-01   5.1904545e-01  -5.8078831e-01  -8.8660189e-01  -2.7387318e+00   9.3323881e-01  -1.0287792e+00  -2.3929278e-01
   2.0000000e+00   3.2274626e-01   1.2299777e+00   1.4419197e+00  -4.2050989e-01   1.0212300e+00  -2.2573850e-01  -5.6806506e-01  -4.4319460e-01  -1.6589495e+00   3.8409527e-01
   2.0000000e+00   1.4528343e+00  -7.2583488e-01  -7.6445121e-01   8.9673077e-01   6.6392017e-02  -9.5167838e-01  -4.7532995e-01   1.0468339e+00   1.3071044e+00   4.1418162e-01
   2.0000000e+00  -9.0611554e-01   4.1832340e-01  -1.7398102e+00  -1.3265573e+00   6.8661312e-01  -2.4659002e-01   8.3825919e-01   1.2254984e+00  -6.4584721e-01   1.7453916e-01
   2.0000000e+00  -3.5419493e-02   1.6558659e-01   1.6676895e+00  -1.4847527e+00   8.9291449e-01   2.1977834e+00   7.4979432e-01  -2.6518625e+00   1.5630291e-01   1.2671622e-01
   2.0000000e+00  -1.6136781e-01   8.4827217e-01   5.2459641e-03   5.4259097e-01  -8.3105754e-01   2.8869978e-01  -1.1916716e-01   1.0744836e+00   5.6541948e-02  -5.7820476e-01
   2.0000000e+00  -5.7711091e-01  -5.7342104e-01  -3.3819560e-02   1.7119870e+00   8.5700747e-01  -4.0159606e-01   1.6394638e+00  -8.6656133e-01  -3.6169454e-01  -4.6862058e-01
