Using feature(s) {1, 2, 3, 4, 5, 6, 7, 8, 9, 10, 11, 12, 13, 14, 15, 16, 17, 18, 19, 20, 21, 22, 23, 24, 25, 26, 27, 28, 29, 30, 31, 32, 33, 34, 35, 36, 37, 38, 39, 40} is 77.4%
Feature set {1, 2, 3, 4, 5, 6, 7, 8, 9, 10, 11, 12, 13, 14, 15, 16, 17, 18, 19, 20, 21, 22, 23, 24, 25, 26, 27, 28, 29, 30, 31, 32, 33, 34, 35, 36, 37, 38, 39, 40} was best, accuracy is 77.4% | step finished in 21.34715509414673 seconds.
Using feature(s) {2, 3, 4, 5, 6, 7, 8, 9, 10, 11, 12, 13, 14, 15, 16, 17, 18, 19, 20, 21, 22, 23, 24, 25, 26, 27, 28, 29, 30, 31, 32, 33, 34, 35, 36, 37, 38, 39, 40} is 77.2%
Using feature(s) {1, 3, 4, 5, 6, 7, 8, 9, 10, 11, 12, 13, 14, 15, 16, 17, 18, 19, 20, 21, 22, 23, 24, 25, 26, 27, 28, 29, 30, 31, 32, 33, 34, 35, 36, 37, 38, 39, 40} is 76.9%
Using feature(s) {1, 2, 4, 5, 6, 7, 8, 9, 10, 11, 12, 13, 14, 15, 16, 17, 18, 19, 20, 21, 22, 23, 24, 25, 26, 27, 28, 29, 30, 31, 32, 33, 34, 35, 36, 37, 38, 39, 40} is 76.8%
Using feature(s) {1, 2, 3, 5, 6, 7, 8, 9, 10, 11, 12, 13, 14, 15, 16, 17, 18, 19, 20, 21, 22, 23, 24, 25, 26, 27, 28, 29, 30, 31, 32, 33, 34, 35, 36, 37, 38, 39, 40} is 76.9%
Using feature(s) {1, 2, 3, 4, 6, 7, 8, 9, 10, 11, 12, 13, 14, 15, 16, 17, 18, 19, 20, 21, 22, 23, 24, 25, 26, 27, 28, 29, 30, 31, 32, 33, 34, 35, 36, 37, 38, 39, 40} is 77.6%
Using feature(s) {1, 2, 3, 4, 5, 7, 8, 9, 10, 11, 12, 13, 14, 15, 16, 17, 18, 19, 20, 21, 22, 23, 24, 25, 26, 27, 28, 29, 30, 31, 32, 33, 34, 35, 36, 37, 38, 39, 40} is 77.2%
Using feature(s) {1, 2, 3, 4, 5, 6, 8, 9, 10, 11, 12, 13, 14, 15, 16, 17, 18, 19, 20, 21, 22, 23, 24, 25, 26, 27, 28, 29, 30, 31, 32, 33, 34, 35, 36, 37, 38, 39, 40} is 76.8%
Using feature(s) {1, 2, 3, 4, 5, 6, 7, 9, 10, 11, 12, 13, 14, 15, 16, 17, 18, 19, 20, 21, 22, 23, 24, 25, 26, 27, 28, 29, 30, 31, 32, 33, 34, 35, 36, 37, 38, 39, 40} is 77.5%
Using feature(s) {1, 2, 3, 4, 5, 6, 7, 8, 10, 11, 12, 13, 14, 15, 16, 17, 18, 19, 20, 21, 22, 23, 24, 25, 26, 27, 28, 29, 30, 31, 32, 33, 34, 35, 36, 37, 38, 39, 40} is 77.5%
Using feature(s) {1, 2, 3, 4, 5, 6, 7, 8, 9, 11, 12, 13, 14, 15, 16, 17, 18, 19, 20, 21, 22, 23, 24, 25, 26, 27, 28, 29, 30, 31, 32, 33, 34, 35, 36, 37, 38, 39, 40} is 76.4%
Using feature(s) {1, 2, 3, 4, 5, 6, 7, 8, 9, 10, 12, 13, 14, 15, 16, 17, 18, 19, 20, 21, 22, 23, 24, 25, 26, 27, 28, 29, 30, 31, 32, 33, 34, 35, 36, 37, 38, 39, 40} is 77.3%
Using feature(s) {1, 2, 3, 4, 5, 6, 7, 8, 9, 10, 11, 13, 14, 15, 16, 17, 18, 19, 20, 21, 22, 23, 24, 25, 26, 27, 28, 29, 30, 31, 32, 33, 34, 35, 36, 37, 38, 39, 40} is 76.4%
Using feature(s) {1, 2, 3, 4, 5, 6, 7, 8, 9, 10, 11, 12, 14, 15, 16, 17, 18, 19, 20, 21, 22, 23, 24, 25, 26, 27, 28, 29, 30, 31, 32, 33, 34, 35, 36, 37, 38, 39, 40} is 76.9%
Using feature(s) {1, 2, 3, 4, 5, 6, 7, 8, 9, 10, 11, 12, 13, 15, 16, 17, 18, 19, 20, 21, 22, 23, 24, 25, 26, 27, 28, 29, 30, 31, 32, 33, 34, 35, 36, 37, 38, 39, 40} is 77.0%
Using feature(s) {1, 2, 3, 4, 5, 6, 7, 8, 9, 10, 11, 12, 13, 14, 16, 17, 18, 19, 20, 21, 22, 23, 24, 25, 26, 27, 28, 29, 30, 31, 32, 33, 34, 35, 36, 37, 38, 39, 40} is 76.9%
Using feature(s) {1, 2, 3, 4, 5, 6, 7, 8, 9, 10, 11, 12, 13, 14, 15, 17, 18, 19, 20, 21, 22, 23, 24, 25, 26, 27, 28, 29, 30, 31, 32, 33, 34, 35, 36, 37, 38, 39, 40} is 76.5%
Using feature(s) {1, 2, 3, 4, 5, 6, 7, 8, 9, 10, 11, 12, 13, 14, 15, 16, 18, 19, 20, 21, 22, 23, 24, 25, 26, 27, 28, 29, 30, 31, 32, 33, 34, 35, 36, 37, 38, 39, 40} is 77.7%
Using feature(s) {1, 2, 3, 4, 5, 6, 7, 8, 9, 10, 11, 12, 13, 14, 15, 16, 17, 19, 20, 21, 22, 23, 24, 25, 26, 27, 28, 29, 30, 31, 32, 33, 34, 35, 36, 37, 38, 39, 40} is 76.7%
Using feature(s) {1, 2, 3, 4, 5, 6, 7, 8, 9, 10, 11, 12, 13, 14, 15, 16, 17, 18, 20, 21, 22, 23, 24, 25, 26, 27, 28, 29, 30, 31, 32, 33, 34, 35, 36, 37, 38, 39, 40} is 78.5%
Using feature(s) {1, 2, 3, 4, 5, 6, 7, 8, 9, 10, 11, 12, 13, 14, 15, 16, 17, 18, 19, 21, 22, 23, 24, 25, 26, 27, 28, 29, 30, 31, 32, 33, 34, 35, 36, 37, 38, 39, 40} is 76.2%
Using feature(s) {1, 2, 3, 4, 5, 6, 7, 8, 9, 10, 11, 12, 13, 14, 15, 16, 17, 18, 19, 20, 22, 23, 24, 25, 26, 27, 28, 29, 30, 31, 32, 33, 34, 35, 36, 37, 38, 39, 40} is 77.2%
Using feature(s) {1, 2, 3, 4, 5, 6, 7, 8, 9, 10, 11, 12, 13, 14, 15, 16, 17, 18, 19, 20, 21, 23, 24, 25, 26, 27, 28, 29, 30, 31, 32, 33, 34, 35, 36, 37, 38, 39, 40} is 77.7%
Using feature(s) {1, 2, 3, 4, 5, 6, 7, 8, 9, 10, 11, 12, 13, 14, 15, 16, 17, 18, 19, 20, 21, 22, 24, 25, 26, 27, 28, 29, 30, 31, 32, 33, 34, 35, 36, 37, 38, 39, 40} is 76.9%
Using feature(s) {1, 2, 3, 4, 5, 6, 7, 8, 9, 10, 11, 12, 13, 14, 15, 16, 17, 18, 19, 20, 21, 22, 23, 25, 26, 27, 28, 29, 30, 31, 32, 33, 34, 35, 36, 37, 38, 39, 40} is 76.8%
Using feature(s) {1, 2, 3, 4, 5, 6, 7, 8, 9, 10, 11, 12, 13, 14, 15, 16, 17, 18, 19, 20, 21, 22, 23, 24, 26, 27, 28, 29, 30, 31, 32, 33, 34, 35, 36, 37, 38, 39, 40} is 77.5%
Using feature(s) {1, 2, 3, 4, 5, 6, 7, 8, 9, 10, 11, 12, 13, 14, 15, 16, 17, 18, 19, 20, 21, 22, 23, 24, 25, 27, 28, 29, 30, 31, 32, 33, 34, 35, 36, 37, 38, 39, 40} is 77.4%
Using feature(s) {1, 2, 3, 4, 5, 6, 7, 8, 9, 10, 11, 12, 13, 14, 15, 16, 17, 18, 19, 20, 21, 22, 23, 24, 25, 26, 28, 29, 30, 31, 32, 33, 34, 35, 36, 37, 38, 39, 40} is 77.7%
Using feature(s) {1, 2, 3, 4, 5, 6, 7, 8, 9, 10, 11, 12, 13, 14, 15, 16, 17, 18, 19, 20, 21, 22, 23, 24, 25, 26, 27, 29, 30, 31, 32, 33, 34, 35, 36, 37, 38, 39, 40} is 76.7%
Using feature(s) {1, 2, 3, 4, 5, 6, 7, 8, 9, 10, 11, 12, 13, 14, 15, 16, 17, 18, 19, 20, 21, 22, 23, 24, 25, 26, 27, 28, 30, 31, 32, 33, 34, 35, 36, 37, 38, 39, 40} is 76.8%
Using feature(s) {1, 2, 3, 4, 5, 6, 7, 8, 9, 10, 11, 12, 13, 14, 15, 16, 17, 18, 19, 20, 21, 22, 23, 24, 25, 26, 27, 28, 29, 31, 32, 33, 34, 35, 36, 37, 38, 39, 40} is 78.3%
Using feature(s) {1, 2, 3, 4, 5, 6, 7, 8, 9, 10, 11, 12, 13, 14, 15, 16, 17, 18, 19, 20, 21, 22, 23, 24, 25, 26, 27, 28, 29, 30, 32, 33, 34, 35, 36, 37, 38, 39, 40} is 76.6%
Using feature(s) {1, 2, 3, 4, 5, 6, 7, 8, 9, 10, 11, 12, 13, 14, 15, 16, 17, 18, 19, 20, 21, 22, 23, 24, 25, 26, 27, 28, 29, 30, 31, 33, 34, 35, 36, 37, 38, 39, 40} is 78.0%
Using feature(s) {1, 2, 3, 4, 5, 6, 7, 8, 9, 10, 11, 12, 13, 14, 15, 16, 17, 18, 19, 20, 21, 22, 23, 24, 25, 26, 27, 28, 29, 30, 31, 32, 34, 35, 36, 37, 38, 39, 40} is 77.0%
Using feature(s) {1, 2, 3, 4, 5, 6, 7, 8, 9, 10, 11, 12, 13, 14, 15, 16, 17, 18, 19, 20, 21, 22, 23, 24, 25, 26, 27, 28, 29, 30, 31, 32, 33, 35, 36, 37, 38, 39, 40} is 76.3%
Using feature(s) {1, 2, 3, 4, 5, 6, 7, 8, 9, 10, 11, 12, 13, 14, 15, 16, 17, 18, 19, 20, 21, 22, 23, 24, 25, 26, 27, 28, 29, 30, 31, 32, 33, 34, 36, 37, 38, 39, 40} is 76.1%
Using feature(s) {1, 2, 3, 4, 5, 6, 7, 8, 9, 10, 11, 12, 13, 14, 15, 16, 17, 18, 19, 20, 21, 22, 23, 24, 25, 26, 27, 28, 29, 30, 31, 32, 33, 34, 35, 37, 38, 39, 40} is 76.9%
Using feature(s) {1, 2, 3, 4, 5, 6, 7, 8, 9, 10, 11, 12, 13, 14, 15, 16, 17, 18, 19, 20, 21, 22, 23, 24, 25, 26, 27, 28, 29, 30, 31, 32, 33, 34, 35, 36, 38, 39, 40} is 76.7%
Using feature(s) {1, 2, 3, 4, 5, 6, 7, 8, 9, 10, 11, 12, 13, 14, 15, 16, 17, 18, 19, 20, 21, 22, 23, 24, 25, 26, 27, 28, 29, 30, 31, 32, 33, 34, 35, 36, 37, 39, 40} is 77.5%
Using feature(s) {1, 2, 3, 4, 5, 6, 7, 8, 9, 10, 11, 12, 13, 14, 15, 16, 17, 18, 19, 20, 21, 22, 23, 24, 25, 26, 27, 28, 29, 30, 31, 32, 33, 34, 35, 36, 37, 38, 40} is 77.9%
Using feature(s) {1, 2, 3, 4, 5, 6, 7, 8, 9, 10, 11, 12, 13, 14, 15, 16, 17, 18, 19, 20, 21, 22, 23, 24, 25, 26, 27, 28, 29, 30, 31, 32, 33, 34, 35, 36, 37, 38, 39} is 77.2%
Feature set {1, 2, 3, 4, 5, 6, 7, 8, 9, 10, 11, 12, 13, 14, 15, 16, 17, 18, 20, 21, 22, 23, 24, 25, 26, 27, 28, 29, 30, 31, 32, 33, 34, 35, 36, 37, 38, 39, 40} was best, accuracy is 78.5% | step finished in 864.3577997684479 seconds.
Using feature(s) {2, 3, 4, 5, 6, 7, 8, 9, 10, 11, 12, 13, 14, 15, 16, 17, 18, 20, 21, 22, 23, 24, 25, 26, 27, 28, 29, 30, 31, 32, 33, 34, 35, 36, 37, 38, 39, 40} is 78.3%
Using feature(s) {1, 3, 4, 5, 6, 7, 8, 9, 10, 11, 12, 13, 14, 15, 16, 17, 18, 20, 21, 22, 23, 24, 25, 26, 27, 28, 29, 30, 31, 32, 33, 34, 35, 36, 37, 38, 39, 40} is 78.0%
Using feature(s) {1, 2, 4, 5, 6, 7, 8, 9, 10, 11, 12, 13, 14, 15, 16, 17, 18, 20, 21, 22, 23, 24, 25, 26, 27, 28, 29, 30, 31, 32, 33, 34, 35, 36, 37, 38, 39, 40} is 77.3%
Using feature(s) {1, 2, 3, 5, 6, 7, 8, 9, 10, 11, 12, 13, 14, 15, 16, 17, 18, 20, 21, 22, 23, 24, 25, 26, 27, 28, 29, 30, 31, 32, 33, 34, 35, 36, 37, 38, 39, 40} is 78.1%
Using feature(s) {1, 2, 3, 4, 6, 7, 8, 9, 10, 11, 12, 13, 14, 15, 16, 17, 18, 20, 21, 22, 23, 24, 25, 26, 27, 28, 29, 30, 31, 32, 33, 34, 35, 36, 37, 38, 39, 40} is 78.5%
Using feature(s) {1, 2, 3, 4, 5, 7, 8, 9, 10, 11, 12, 13, 14, 15, 16, 17, 18, 20, 21, 22, 23, 24, 25, 26, 27, 28, 29, 30, 31, 32, 33, 34, 35, 36, 37, 38, 39, 40} is 77.5%
Using feature(s) {1, 2, 3, 4, 5, 6, 8, 9, 10, 11, 12, 13, 14, 15, 16, 17, 18, 20, 21, 22, 23, 24, 25, 26, 27, 28, 29, 30, 31, 32, 33, 34, 35, 36, 37, 38, 39, 40} is 77.3%
Using feature(s) {1, 2, 3, 4, 5, 6, 7, 9, 10, 11, 12, 13, 14, 15, 16, 17, 18, 20, 21, 22, 23, 24, 25, 26, 27, 28, 29, 30, 31, 32, 33, 34, 35, 36, 37, 38, 39, 40} is 77.7%
Using feature(s) {1, 2, 3, 4, 5, 6, 7, 8, 10, 11, 12, 13, 14, 15, 16, 17, 18, 20, 21, 22, 23, 24, 25, 26, 27, 28, 29, 30, 31, 32, 33, 34, 35, 36, 37, 38, 39, 40} is 77.8%
Using feature(s) {1, 2, 3, 4, 5, 6, 7, 8, 9, 11, 12, 13, 14, 15, 16, 17, 18, 20, 21, 22, 23, 24, 25, 26, 27, 28, 29, 30, 31, 32, 33, 34, 35, 36, 37, 38, 39, 40} is 77.2%
Using feature(s) {1, 2, 3, 4, 5, 6, 7, 8, 9, 10, 12, 13, 14, 15, 16, 17, 18, 20, 21, 22, 23, 24, 25, 26, 27, 28, 29, 30, 31, 32, 33, 34, 35, 36, 37, 38, 39, 40} is 78.0%
Using feature(s) {1, 2, 3, 4, 5, 6, 7, 8, 9, 10, 11, 13, 14, 15, 16, 17, 18, 20, 21, 22, 23, 24, 25, 26, 27, 28, 29, 30, 31, 32, 33, 34, 35, 36, 37, 38, 39, 40} is 77.3%
Using feature(s) {1, 2, 3, 4, 5, 6, 7, 8, 9, 10, 11, 12, 14, 15, 16, 17, 18, 20, 21, 22, 23, 24, 25, 26, 27, 28, 29, 30, 31, 32, 33, 34, 35, 36, 37, 38, 39, 40} is 78.2%
Using feature(s) {1, 2, 3, 4, 5, 6, 7, 8, 9, 10, 11, 12, 13, 15, 16, 17, 18, 20, 21, 22, 23, 24, 25, 26, 27, 28, 29, 30, 31, 32, 33, 34, 35, 36, 37, 38, 39, 40} is 76.9%
Using feature(s) {1, 2, 3, 4, 5, 6, 7, 8, 9, 10, 11, 12, 13, 14, 16, 17, 18, 20, 21, 22, 23, 24, 25, 26, 27, 28, 29, 30, 31, 32, 33, 34, 35, 36, 37, 38, 39, 40} is 77.9%
Using feature(s) {1, 2, 3, 4, 5, 6, 7, 8, 9, 10, 11, 12, 13, 14, 15, 17, 18, 20, 21, 22, 23, 24, 25, 26, 27, 28, 29, 30, 31, 32, 33, 34, 35, 36, 37, 38, 39, 40} is 77.3%
Using feature(s) {1, 2, 3, 4, 5, 6, 7, 8, 9, 10, 11, 12, 13, 14, 15, 16, 18, 20, 21, 22, 23, 24, 25, 26, 27, 28, 29, 30, 31, 32, 33, 34, 35, 36, 37, 38, 39, 40} is 79.5%
Using feature(s) {1, 2, 3, 4, 5, 6, 7, 8, 9, 10, 11, 12, 13, 14, 15, 16, 17, 20, 21, 22, 23, 24, 25, 26, 27, 28, 29, 30, 31, 32, 33, 34, 35, 36, 37, 38, 39, 40} is 77.1%
Using feature(s) {1, 2, 3, 4, 5, 6, 7, 8, 9, 10, 11, 12, 13, 14, 15, 16, 17, 18, 21, 22, 23, 24, 25, 26, 27, 28, 29, 30, 31, 32, 33, 34, 35, 36, 37, 38, 39, 40} is 77.0%
Using feature(s) {1, 2, 3, 4, 5, 6, 7, 8, 9, 10, 11, 12, 13, 14, 15, 16, 17, 18, 20, 22, 23, 24, 25, 26, 27, 28, 29, 30, 31, 32, 33, 34, 35, 36, 37, 38, 39, 40} is 77.4%
Using feature(s) {1, 2, 3, 4, 5, 6, 7, 8, 9, 10, 11, 12, 13, 14, 15, 16, 17, 18, 20, 21, 23, 24, 25, 26, 27, 28, 29, 30, 31, 32, 33, 34, 35, 36, 37, 38, 39, 40} is 77.9%
Using feature(s) {1, 2, 3, 4, 5, 6, 7, 8, 9, 10, 11, 12, 13, 14, 15, 16, 17, 18, 20, 21, 22, 24, 25, 26, 27, 28, 29, 30, 31, 32, 33, 34, 35, 36, 37, 38, 39, 40} is 77.3%
Using feature(s) {1, 2, 3, 4, 5, 6, 7, 8, 9, 10, 11, 12, 13, 14, 15, 16, 17, 18, 20, 21, 22, 23, 25, 26, 27, 28, 29, 30, 31, 32, 33, 34, 35, 36, 37, 38, 39, 40} is 77.8%
Using feature(s) {1, 2, 3, 4, 5, 6, 7, 8, 9, 10, 11, 12, 13, 14, 15, 16, 17, 18, 20, 21, 22, 23, 24, 26, 27, 28, 29, 30, 31, 32, 33, 34, 35, 36, 37, 38, 39, 40} is 77.9%
Using feature(s) {1, 2, 3, 4, 5, 6, 7, 8, 9, 10, 11, 12, 13, 14, 15, 16, 17, 18, 20, 21, 22, 23, 24, 25, 27, 28, 29, 30, 31, 32, 33, 34, 35, 36, 37, 38, 39, 40} is 78.9%
Using feature(s) {1, 2, 3, 4, 5, 6, 7, 8, 9, 10, 11, 12, 13, 14, 15, 16, 17, 18, 20, 21, 22, 23, 24, 25, 26, 28, 29, 30, 31, 32, 33, 34, 35, 36, 37, 38, 39, 40} is 78.4%
Using feature(s) {1, 2, 3, 4, 5, 6, 7, 8, 9, 10, 11, 12, 13, 14, 15, 16, 17, 18, 20, 21, 22, 23, 24, 25, 26, 27, 29, 30, 31, 32, 33, 34, 35, 36, 37, 38, 39, 40} is 78.5%
Using feature(s) {1, 2, 3, 4, 5, 6, 7, 8, 9, 10, 11, 12, 13, 14, 15, 16, 17, 18, 20, 21, 22, 23, 24, 25, 26, 27, 28, 30, 31, 32, 33, 34, 35, 36, 37, 38, 39, 40} is 77.6%
Using feature(s) {1, 2, 3, 4, 5, 6, 7, 8, 9, 10, 11, 12, 13, 14, 15, 16, 17, 18, 20, 21, 22, 23, 24, 25, 26, 27, 28, 29, 31, 32, 33, 34, 35, 36, 37, 38, 39, 40} is 79.7%
Using feature(s) {1, 2, 3, 4, 5, 6, 7, 8, 9, 10, 11, 12, 13, 14, 15, 16, 17, 18, 20, 21, 22, 23, 24, 25, 26, 27, 28, 29, 30, 32, 33, 34, 35, 36, 37, 38, 39, 40} is 77.5%
Using feature(s) {1, 2, 3, 4, 5, 6, 7, 8, 9, 10, 11, 12, 13, 14, 15, 16, 17, 18, 20, 21, 22, 23, 24, 25, 26, 27, 28, 29, 30, 31, 33, 34, 35, 36, 37, 38, 39, 40} is 79.2%
Using feature(s) {1, 2, 3, 4, 5, 6, 7, 8, 9, 10, 11, 12, 13, 14, 15, 16, 17, 18, 20, 21, 22, 23, 24, 25, 26, 27, 28, 29, 30, 31, 32, 34, 35, 36, 37, 38, 39, 40} is 78.5%
Using feature(s) {1, 2, 3, 4, 5, 6, 7, 8, 9, 10, 11, 12, 13, 14, 15, 16, 17, 18, 20, 21, 22, 23, 24, 25, 26, 27, 28, 29, 30, 31, 32, 33, 35, 36, 37, 38, 39, 40} is 77.3%
Using feature(s) {1, 2, 3, 4, 5, 6, 7, 8, 9, 10, 11, 12, 13, 14, 15, 16, 17, 18, 20, 21, 22, 23, 24, 25, 26, 27, 28, 29, 30, 31, 32, 33, 34, 36, 37, 38, 39, 40} is 77.1%
Using feature(s) {1, 2, 3, 4, 5, 6, 7, 8, 9, 10, 11, 12, 13, 14, 15, 16, 17, 18, 20, 21, 22, 23, 24, 25, 26, 27, 28, 29, 30, 31, 32, 33, 34, 35, 37, 38, 39, 40} is 77.8%
Using feature(s) {1, 2, 3, 4, 5, 6, 7, 8, 9, 10, 11, 12, 13, 14, 15, 16, 17, 18, 20, 21, 22, 23, 24, 25, 26, 27, 28, 29, 30, 31, 32, 33, 34, 35, 36, 38, 39, 40} is 76.1%
Using feature(s) {1, 2, 3, 4, 5, 6, 7, 8, 9, 10, 11, 12, 13, 14, 15, 16, 17, 18, 20, 21, 22, 23, 24, 25, 26, 27, 28, 29, 30, 31, 32, 33, 34, 35, 36, 37, 39, 40} is 77.8%
Using feature(s) {1, 2, 3, 4, 5, 6, 7, 8, 9, 10, 11, 12, 13, 14, 15, 16, 17, 18, 20, 21, 22, 23, 24, 25, 26, 27, 28, 29, 30, 31, 32, 33, 34, 35, 36, 37, 38, 40} is 78.4%
Using feature(s) {1, 2, 3, 4, 5, 6, 7, 8, 9, 10, 11, 12, 13, 14, 15, 16, 17, 18, 20, 21, 22, 23, 24, 25, 26, 27, 28, 29, 30, 31, 32, 33, 34, 35, 36, 37, 38, 39} is 78.3%
Feature set {1, 2, 3, 4, 5, 6, 7, 8, 9, 10, 11, 12, 13, 14, 15, 16, 17, 18, 20, 21, 22, 23, 24, 25, 26, 27, 28, 29, 31, 32, 33, 34, 35, 36, 37, 38, 39, 40} was best, accuracy is 79.7% | step finished in 841.6066474914551 seconds.
Using feature(s) {2, 3, 4, 5, 6, 7, 8, 9, 10, 11, 12, 13, 14, 15, 16, 17, 18, 20, 21, 22, 23, 24, 25, 26, 27, 28, 29, 31, 32, 33, 34, 35, 36, 37, 38, 39, 40} is 79.1%
Using feature(s) {1, 3, 4, 5, 6, 7, 8, 9, 10, 11, 12, 13, 14, 15, 16, 17, 18, 20, 21, 22, 23, 24, 25, 26, 27, 28, 29, 31, 32, 33, 34, 35, 36, 37, 38, 39, 40} is 77.5%
Using feature(s) {1, 2, 4, 5, 6, 7, 8, 9, 10, 11, 12, 13, 14, 15, 16, 17, 18, 20, 21, 22, 23, 24, 25, 26, 27, 28, 29, 31, 32, 33, 34, 35, 36, 37, 38, 39, 40} is 78.4%
Using feature(s) {1, 2, 3, 5, 6, 7, 8, 9, 10, 11, 12, 13, 14, 15, 16, 17, 18, 20, 21, 22, 23, 24, 25, 26, 27, 28, 29, 31, 32, 33, 34, 35, 36, 37, 38, 39, 40} is 78.5%
Using feature(s) {1, 2, 3, 4, 6, 7, 8, 9, 10, 11, 12, 13, 14, 15, 16, 17, 18, 20, 21, 22, 23, 24, 25, 26, 27, 28, 29, 31, 32, 33, 34, 35, 36, 37, 38, 39, 40} is 79.0%
Using feature(s) {1, 2, 3, 4, 5, 7, 8, 9, 10, 11, 12, 13, 14, 15, 16, 17, 18, 20, 21, 22, 23, 24, 25, 26, 27, 28, 29, 31, 32, 33, 34, 35, 36, 37, 38, 39, 40} is 78.2%
Using feature(s) {1, 2, 3, 4, 5, 6, 8, 9, 10, 11, 12, 13, 14, 15, 16, 17, 18, 20, 21, 22, 23, 24, 25, 26, 27, 28, 29, 31, 32, 33, 34, 35, 36, 37, 38, 39, 40} is 78.2%
Using feature(s) {1, 2, 3, 4, 5, 6, 7, 9, 10, 11, 12, 13, 14, 15, 16, 17, 18, 20, 21, 22, 23, 24, 25, 26, 27, 28, 29, 31, 32, 33, 34, 35, 36, 37, 38, 39, 40} is 78.8%
Using feature(s) {1, 2, 3, 4, 5, 6, 7, 8, 10, 11, 12, 13, 14, 15, 16, 17, 18, 20, 21, 22, 23, 24, 25, 26, 27, 28, 29, 31, 32, 33, 34, 35, 36, 37, 38, 39, 40} is 79.1%
Using feature(s) {1, 2, 3, 4, 5, 6, 7, 8, 9, 11, 12, 13, 14, 15, 16, 17, 18, 20, 21, 22, 23, 24, 25, 26, 27, 28, 29, 31, 32, 33, 34, 35, 36, 37, 38, 39, 40} is 77.7%
Using feature(s) {1, 2, 3, 4, 5, 6, 7, 8, 9, 10, 12, 13, 14, 15, 16, 17, 18, 20, 21, 22, 23, 24, 25, 26, 27, 28, 29, 31, 32, 33, 34, 35, 36, 37, 38, 39, 40} is 78.0%
Using feature(s) {1, 2, 3, 4, 5, 6, 7, 8, 9, 10, 11, 13, 14, 15, 16, 17, 18, 20, 21, 22, 23, 24, 25, 26, 27, 28, 29, 31, 32, 33, 34, 35, 36, 37, 38, 39, 40} is 77.9%
Using feature(s) {1, 2, 3, 4, 5, 6, 7, 8, 9, 10, 11, 12, 14, 15, 16, 17, 18, 20, 21, 22, 23, 24, 25, 26, 27, 28, 29, 31, 32, 33, 34, 35, 36, 37, 38, 39, 40} is 78.7%
Using feature(s) {1, 2, 3, 4, 5, 6, 7, 8, 9, 10, 11, 12, 13, 15, 16, 17, 18, 20, 21, 22, 23, 24, 25, 26, 27, 28, 29, 31, 32, 33, 34, 35, 36, 37, 38, 39, 40} is 78.3%
Using feature(s) {1, 2, 3, 4, 5, 6, 7, 8, 9, 10, 11, 12, 13, 14, 16, 17, 18, 20, 21, 22, 23, 24, 25, 26, 27, 28, 29, 31, 32, 33, 34, 35, 36, 37, 38, 39, 40} is 78.9%
Using feature(s) {1, 2, 3, 4, 5, 6, 7, 8, 9, 10, 11, 12, 13, 14, 15, 17, 18, 20, 21, 22, 23, 24, 25, 26, 27, 28, 29, 31, 32, 33, 34, 35, 36, 37, 38, 39, 40} is 78.8%
Using feature(s) {1, 2, 3, 4, 5, 6, 7, 8, 9, 10, 11, 12, 13, 14, 15, 16, 18, 20, 21, 22, 23, 24, 25, 26, 27, 28, 29, 31, 32, 33, 34, 35, 36, 37, 38, 39, 40} is 80.0%
Using feature(s) {1, 2, 3, 4, 5, 6, 7, 8, 9, 10, 11, 12, 13, 14, 15, 16, 17, 20, 21, 22, 23, 24, 25, 26, 27, 28, 29, 31, 32, 33, 34, 35, 36, 37, 38, 39, 40} is 79.1%
Using feature(s) {1, 2, 3, 4, 5, 6, 7, 8, 9, 10, 11, 12, 13, 14, 15, 16, 17, 18, 21, 22, 23, 24, 25, 26, 27, 28, 29, 31, 32, 33, 34, 35, 36, 37, 38, 39, 40} is 78.0%
Using feature(s) {1, 2, 3, 4, 5, 6, 7, 8, 9, 10, 11, 12, 13, 14, 15, 16, 17, 18, 20, 22, 23, 24, 25, 26, 27, 28, 29, 31, 32, 33, 34, 35, 36, 37, 38, 39, 40} is 78.7%
Using feature(s) {1, 2, 3, 4, 5, 6, 7, 8, 9, 10, 11, 12, 13, 14, 15, 16, 17, 18, 20, 21, 23, 24, 25, 26, 27, 28, 29, 31, 32, 33, 34, 35, 36, 37, 38, 39, 40} is 79.3%
Using feature(s) {1, 2, 3, 4, 5, 6, 7, 8, 9, 10, 11, 12, 13, 14, 15, 16, 17, 18, 20, 21, 22, 24, 25, 26, 27, 28, 29, 31, 32, 33, 34, 35, 36, 37, 38, 39, 40} is 78.0%
Using feature(s) {1, 2, 3, 4, 5, 6, 7, 8, 9, 10, 11, 12, 13, 14, 15, 16, 17, 18, 20, 21, 22, 23, 25, 26, 27, 28, 29, 31, 32, 33, 34, 35, 36, 37, 38, 39, 40} is 78.7%
Using feature(s) {1, 2, 3, 4, 5, 6, 7, 8, 9, 10, 11, 12, 13, 14, 15, 16, 17, 18, 20, 21, 22, 23, 24, 26, 27, 28, 29, 31, 32, 33, 34, 35, 36, 37, 38, 39, 40} is 78.3%
Using feature(s) {1, 2, 3, 4, 5, 6, 7, 8, 9, 10, 11, 12, 13, 14, 15, 16, 17, 18, 20, 21, 22, 23, 24, 25, 27, 28, 29, 31, 32, 33, 34, 35, 36, 37, 38, 39, 40} is 79.1%
Using feature(s) {1, 2, 3, 4, 5, 6, 7, 8, 9, 10, 11, 12, 13, 14, 15, 16, 17, 18, 20, 21, 22, 23, 24, 25, 26, 28, 29, 31, 32, 33, 34, 35, 36, 37, 38, 39, 40} is 79.3%
Using feature(s) {1, 2, 3, 4, 5, 6, 7, 8, 9, 10, 11, 12, 13, 14, 15, 16, 17, 18, 20, 21, 22, 23, 24, 25, 26, 27, 29, 31, 32, 33, 34, 35, 36, 37, 38, 39, 40} is 79.4%
Using feature(s) {1, 2, 3, 4, 5, 6, 7, 8, 9, 10, 11, 12, 13, 14, 15, 16, 17, 18, 20, 21, 22, 23, 24, 25, 26, 27, 28, 31, 32, 33, 34, 35, 36, 37, 38, 39, 40} is 79.0%
Using feature(s) {1, 2, 3, 4, 5, 6, 7, 8, 9, 10, 11, 12, 13, 14, 15, 16, 17, 18, 20, 21, 22, 23, 24, 25, 26, 27, 28, 29, 32, 33, 34, 35, 36, 37, 38, 39, 40} is 78.5%
Using feature(s) {1, 2, 3, 4, 5, 6, 7, 8, 9, 10, 11, 12, 13, 14, 15, 16, 17, 18, 20, 21, 22, 23, 24, 25, 26, 27, 28, 29, 31, 33, 34, 35, 36, 37, 38, 39, 40} is 79.0%
Using feature(s) {1, 2, 3, 4, 5, 6, 7, 8, 9, 10, 11, 12, 13, 14, 15, 16, 17, 18, 20, 21, 22, 23, 24, 25, 26, 27, 28, 29, 31, 32, 34, 35, 36, 37, 38, 39, 40} is 79.6%
Using feature(s) {1, 2, 3, 4, 5, 6, 7, 8, 9, 10, 11, 12, 13, 14, 15, 16, 17, 18, 20, 21, 22, 23, 24, 25, 26, 27, 28, 29, 31, 32, 33, 35, 36, 37, 38, 39, 40} is 78.0%
Using feature(s) {1, 2, 3, 4, 5, 6, 7, 8, 9, 10, 11, 12, 13, 14, 15, 16, 17, 18, 20, 21, 22, 23, 24, 25, 26, 27, 28, 29, 31, 32, 33, 34, 36, 37, 38, 39, 40} is 78.5%
Using feature(s) {1, 2, 3, 4, 5, 6, 7, 8, 9, 10, 11, 12, 13, 14, 15, 16, 17, 18, 20, 21, 22, 23, 24, 25, 26, 27, 28, 29, 31, 32, 33, 34, 35, 37, 38, 39, 40} is 79.3%
Using feature(s) {1, 2, 3, 4, 5, 6, 7, 8, 9, 10, 11, 12, 13, 14, 15, 16, 17, 18, 20, 21, 22, 23, 24, 25, 26, 27, 28, 29, 31, 32, 33, 34, 35, 36, 38, 39, 40} is 77.6%
Using feature(s) {1, 2, 3, 4, 5, 6, 7, 8, 9, 10, 11, 12, 13, 14, 15, 16, 17, 18, 20, 21, 22, 23, 24, 25, 26, 27, 28, 29, 31, 32, 33, 34, 35, 36, 37, 39, 40} is 80.3%
Using feature(s) {1, 2, 3, 4, 5, 6, 7, 8, 9, 10, 11, 12, 13, 14, 15, 16, 17, 18, 20, 21, 22, 23, 24, 25, 26, 27, 28, 29, 31, 32, 33, 34, 35, 36, 37, 38, 40} is 79.5%
Using feature(s) {1, 2, 3, 4, 5, 6, 7, 8, 9, 10, 11, 12, 13, 14, 15, 16, 17, 18, 20, 21, 22, 23, 24, 25, 26, 27, 28, 29, 31, 32, 33, 34, 35, 36, 37, 38, 39} is 78.9%
Feature set {1, 2, 3, 4, 5, 6, 7, 8, 9, 10, 11, 12, 13, 14, 15, 16, 17, 18, 20, 21, 22, 23, 24, 25, 26, 27, 28, 29, 31, 32, 33, 34, 35, 36, 37, 39, 40} was best, accuracy is 80.3% | step finished in 798.6381211280823 seconds.
Using feature(s) {2, 3, 4, 5, 6, 7, 8, 9, 10, 11, 12, 13, 14, 15, 16, 17, 18, 20, 21, 22, 23, 24, 25, 26, 27, 28, 29, 31, 32, 33, 34, 35, 36, 37, 39, 40} is 79.6%
Using feature(s) {1, 3, 4, 5, 6, 7, 8, 9, 10, 11, 12, 13, 14, 15, 16, 17, 18, 20, 21, 22, 23, 24, 25, 26, 27, 28, 29, 31, 32, 33, 34, 35, 36, 37, 39, 40} is 77.0%
Using feature(s) {1, 2, 4, 5, 6, 7, 8, 9, 10, 11, 12, 13, 14, 15, 16, 17, 18, 20, 21, 22, 23, 24, 25, 26, 27, 28, 29, 31, 32, 33, 34, 35, 36, 37, 39, 40} is 78.7%
Using feature(s) {1, 2, 3, 5, 6, 7, 8, 9, 10, 11, 12, 13, 14, 15, 16, 17, 18, 20, 21, 22, 23, 24, 25, 26, 27, 28, 29, 31, 32, 33, 34, 35, 36, 37, 39, 40} is 79.1%
Using feature(s) {1, 2, 3, 4, 6, 7, 8, 9, 10, 11, 12, 13, 14, 15, 16, 17, 18, 20, 21, 22, 23, 24, 25, 26, 27, 28, 29, 31, 32, 33, 34, 35, 36, 37, 39, 40} is 79.1%
Using feature(s) {1, 2, 3, 4, 5, 7, 8, 9, 10, 11, 12, 13, 14, 15, 16, 17, 18, 20, 21, 22, 23, 24, 25, 26, 27, 28, 29, 31, 32, 33, 34, 35, 36, 37, 39, 40} is 79.0%
Using feature(s) {1, 2, 3, 4, 5, 6, 8, 9, 10, 11, 12, 13, 14, 15, 16, 17, 18, 20, 21, 22, 23, 24, 25, 26, 27, 28, 29, 31, 32, 33, 34, 35, 36, 37, 39, 40} is 78.4%
Using feature(s) {1, 2, 3, 4, 5, 6, 7, 9, 10, 11, 12, 13, 14, 15, 16, 17, 18, 20, 21, 22, 23, 24, 25, 26, 27, 28, 29, 31, 32, 33, 34, 35, 36, 37, 39, 40} is 77.9%
Using feature(s) {1, 2, 3, 4, 5, 6, 7, 8, 10, 11, 12, 13, 14, 15, 16, 17, 18, 20, 21, 22, 23, 24, 25, 26, 27, 28, 29, 31, 32, 33, 34, 35, 36, 37, 39, 40} is 79.6%
Using feature(s) {1, 2, 3, 4, 5, 6, 7, 8, 9, 11, 12, 13, 14, 15, 16, 17, 18, 20, 21, 22, 23, 24, 25, 26, 27, 28, 29, 31, 32, 33, 34, 35, 36, 37, 39, 40} is 78.7%
Using feature(s) {1, 2, 3, 4, 5, 6, 7, 8, 9, 10, 12, 13, 14, 15, 16, 17, 18, 20, 21, 22, 23, 24, 25, 26, 27, 28, 29, 31, 32, 33, 34, 35, 36, 37, 39, 40} is 78.3%
Using feature(s) {1, 2, 3, 4, 5, 6, 7, 8, 9, 10, 11, 13, 14, 15, 16, 17, 18, 20, 21, 22, 23, 24, 25, 26, 27, 28, 29, 31, 32, 33, 34, 35, 36, 37, 39, 40} is 79.3%
Using feature(s) {1, 2, 3, 4, 5, 6, 7, 8, 9, 10, 11, 12, 14, 15, 16, 17, 18, 20, 21, 22, 23, 24, 25, 26, 27, 28, 29, 31, 32, 33, 34, 35, 36, 37, 39, 40} is 79.1%
Using feature(s) {1, 2, 3, 4, 5, 6, 7, 8, 9, 10, 11, 12, 13, 15, 16, 17, 18, 20, 21, 22, 23, 24, 25, 26, 27, 28, 29, 31, 32, 33, 34, 35, 36, 37, 39, 40} is 78.8%
Using feature(s) {1, 2, 3, 4, 5, 6, 7, 8, 9, 10, 11, 12, 13, 14, 16, 17, 18, 20, 21, 22, 23, 24, 25, 26, 27, 28, 29, 31, 32, 33, 34, 35, 36, 37, 39, 40} is 79.7%
Using feature(s) {1, 2, 3, 4, 5, 6, 7, 8, 9, 10, 11, 12, 13, 14, 15, 17, 18, 20, 21, 22, 23, 24, 25, 26, 27, 28, 29, 31, 32, 33, 34, 35, 36, 37, 39, 40} is 78.4%
Using feature(s) {1, 2, 3, 4, 5, 6, 7, 8, 9, 10, 11, 12, 13, 14, 15, 16, 18, 20, 21, 22, 23, 24, 25, 26, 27, 28, 29, 31, 32, 33, 34, 35, 36, 37, 39, 40} is 80.6%
Using feature(s) {1, 2, 3, 4, 5, 6, 7, 8, 9, 10, 11, 12, 13, 14, 15, 16, 17, 20, 21, 22, 23, 24, 25, 26, 27, 28, 29, 31, 32, 33, 34, 35, 36, 37, 39, 40} is 79.2%
Using feature(s) {1, 2, 3, 4, 5, 6, 7, 8, 9, 10, 11, 12, 13, 14, 15, 16, 17, 18, 21, 22, 23, 24, 25, 26, 27, 28, 29, 31, 32, 33, 34, 35, 36, 37, 39, 40} is 79.1%
Using feature(s) {1, 2, 3, 4, 5, 6, 7, 8, 9, 10, 11, 12, 13, 14, 15, 16, 17, 18, 20, 22, 23, 24, 25, 26, 27, 28, 29, 31, 32, 33, 34, 35, 36, 37, 39, 40} is 78.9%
Using feature(s) {1, 2, 3, 4, 5, 6, 7, 8, 9, 10, 11, 12, 13, 14, 15, 16, 17, 18, 20, 21, 23, 24, 25, 26, 27, 28, 29, 31, 32, 33, 34, 35, 36, 37, 39, 40} is 80.7%
Using feature(s) {1, 2, 3, 4, 5, 6, 7, 8, 9, 10, 11, 12, 13, 14, 15, 16, 17, 18, 20, 21, 22, 24, 25, 26, 27, 28, 29, 31, 32, 33, 34, 35, 36, 37, 39, 40} is 78.4%
Using feature(s) {1, 2, 3, 4, 5, 6, 7, 8, 9, 10, 11, 12, 13, 14, 15, 16, 17, 18, 20, 21, 22, 23, 25, 26, 27, 28, 29, 31, 32, 33, 34, 35, 36, 37, 39, 40} is 78.9%
Using feature(s) {1, 2, 3, 4, 5, 6, 7, 8, 9, 10, 11, 12, 13, 14, 15, 16, 17, 18, 20, 21, 22, 23, 24, 26, 27, 28, 29, 31, 32, 33, 34, 35, 36, 37, 39, 40} is 78.8%
Using feature(s) {1, 2, 3, 4, 5, 6, 7, 8, 9, 10, 11, 12, 13, 14, 15, 16, 17, 18, 20, 21, 22, 23, 24, 25, 27, 28, 29, 31, 32, 33, 34, 35, 36, 37, 39, 40} is 80.0%
Using feature(s) {1, 2, 3, 4, 5, 6, 7, 8, 9, 10, 11, 12, 13, 14, 15, 16, 17, 18, 20, 21, 22, 23, 24, 25, 26, 28, 29, 31, 32, 33, 34, 35, 36, 37, 39, 40} is 79.8%
Using feature(s) {1, 2, 3, 4, 5, 6, 7, 8, 9, 10, 11, 12, 13, 14, 15, 16, 17, 18, 20, 21, 22, 23, 24, 25, 26, 27, 29, 31, 32, 33, 34, 35, 36, 37, 39, 40} is 79.5%
Using feature(s) {1, 2, 3, 4, 5, 6, 7, 8, 9, 10, 11, 12, 13, 14, 15, 16, 17, 18, 20, 21, 22, 23, 24, 25, 26, 27, 28, 31, 32, 33, 34, 35, 36, 37, 39, 40} is 79.3%
Using feature(s) {1, 2, 3, 4, 5, 6, 7, 8, 9, 10, 11, 12, 13, 14, 15, 16, 17, 18, 20, 21, 22, 23, 24, 25, 26, 27, 28, 29, 32, 33, 34, 35, 36, 37, 39, 40} is 79.3%
Using feature(s) {1, 2, 3, 4, 5, 6, 7, 8, 9, 10, 11, 12, 13, 14, 15, 16, 17, 18, 20, 21, 22, 23, 24, 25, 26, 27, 28, 29, 31, 33, 34, 35, 36, 37, 39, 40} is 79.1%
Using feature(s) {1, 2, 3, 4, 5, 6, 7, 8, 9, 10, 11, 12, 13, 14, 15, 16, 17, 18, 20, 21, 22, 23, 24, 25, 26, 27, 28, 29, 31, 32, 34, 35, 36, 37, 39, 40} is 79.3%
Using feature(s) {1, 2, 3, 4, 5, 6, 7, 8, 9, 10, 11, 12, 13, 14, 15, 16, 17, 18, 20, 21, 22, 23, 24, 25, 26, 27, 28, 29, 31, 32, 33, 35, 36, 37, 39, 40} is 77.8%
Using feature(s) {1, 2, 3, 4, 5, 6, 7, 8, 9, 10, 11, 12, 13, 14, 15, 16, 17, 18, 20, 21, 22, 23, 24, 25, 26, 27, 28, 29, 31, 32, 33, 34, 36, 37, 39, 40} is 77.8%
Using feature(s) {1, 2, 3, 4, 5, 6, 7, 8, 9, 10, 11, 12, 13, 14, 15, 16, 17, 18, 20, 21, 22, 23, 24, 25, 26, 27, 28, 29, 31, 32, 33, 34, 35, 37, 39, 40} is 79.8%
Using feature(s) {1, 2, 3, 4, 5, 6, 7, 8, 9, 10, 11, 12, 13, 14, 15, 16, 17, 18, 20, 21, 22, 23, 24, 25, 26, 27, 28, 29, 31, 32, 33, 34, 35, 36, 39, 40} is 77.7%
Using feature(s) {1, 2, 3, 4, 5, 6, 7, 8, 9, 10, 11, 12, 13, 14, 15, 16, 17, 18, 20, 21, 22, 23, 24, 25, 26, 27, 28, 29, 31, 32, 33, 34, 35, 36, 37, 40} is 79.0%
Using feature(s) {1, 2, 3, 4, 5, 6, 7, 8, 9, 10, 11, 12, 13, 14, 15, 16, 17, 18, 20, 21, 22, 23, 24, 25, 26, 27, 28, 29, 31, 32, 33, 34, 35, 36, 37, 39} is 78.5%
Feature set {1, 2, 3, 4, 5, 6, 7, 8, 9, 10, 11, 12, 13, 14, 15, 16, 17, 18, 20, 21, 23, 24, 25, 26, 27, 28, 29, 31, 32, 33, 34, 35, 36, 37, 39, 40} was best, accuracy is 80.7% | step finished in 759.6272377967834 seconds.
Using feature(s) {2, 3, 4, 5, 6, 7, 8, 9, 10, 11, 12, 13, 14, 15, 16, 17, 18, 20, 21, 23, 24, 25, 26, 27, 28, 29, 31, 32, 33, 34, 35, 36, 37, 39, 40} is 80.2%
Using feature(s) {1, 3, 4, 5, 6, 7, 8, 9, 10, 11, 12, 13, 14, 15, 16, 17, 18, 20, 21, 23, 24, 25, 26, 27, 28, 29, 31, 32, 33, 34, 35, 36, 37, 39, 40} is 78.1%
Using feature(s) {1, 2, 4, 5, 6, 7, 8, 9, 10, 11, 12, 13, 14, 15, 16, 17, 18, 20, 21, 23, 24, 25, 26, 27, 28, 29, 31, 32, 33, 34, 35, 36, 37, 39, 40} is 79.7%
Using feature(s) {1, 2, 3, 5, 6, 7, 8, 9, 10, 11, 12, 13, 14, 15, 16, 17, 18, 20, 21, 23, 24, 25, 26, 27, 28, 29, 31, 32, 33, 34, 35, 36, 37, 39, 40} is 80.1%
Using feature(s) {1, 2, 3, 4, 6, 7, 8, 9, 10, 11, 12, 13, 14, 15, 16, 17, 18, 20, 21, 23, 24, 25, 26, 27, 28, 29, 31, 32, 33, 34, 35, 36, 37, 39, 40} is 79.2%
Using feature(s) {1, 2, 3, 4, 5, 7, 8, 9, 10, 11, 12, 13, 14, 15, 16, 17, 18, 20, 21, 23, 24, 25, 26, 27, 28, 29, 31, 32, 33, 34, 35, 36, 37, 39, 40} is 79.0%
Using feature(s) {1, 2, 3, 4, 5, 6, 8, 9, 10, 11, 12, 13, 14, 15, 16, 17, 18, 20, 21, 23, 24, 25, 26, 27, 28, 29, 31, 32, 33, 34, 35, 36, 37, 39, 40} is 79.4%
Using feature(s) {1, 2, 3, 4, 5, 6, 7, 9, 10, 11, 12, 13, 14, 15, 16, 17, 18, 20, 21, 23, 24, 25, 26, 27, 28, 29, 31, 32, 33, 34, 35, 36, 37, 39, 40} is 79.2%
Using feature(s) {1, 2, 3, 4, 5, 6, 7, 8, 10, 11, 12, 13, 14, 15, 16, 17, 18, 20, 21, 23, 24, 25, 26, 27, 28, 29, 31, 32, 33, 34, 35, 36, 37, 39, 40} is 80.0%
Using feature(s) {1, 2, 3, 4, 5, 6, 7, 8, 9, 11, 12, 13, 14, 15, 16, 17, 18, 20, 21, 23, 24, 25, 26, 27, 28, 29, 31, 32, 33, 34, 35, 36, 37, 39, 40} is 79.4%
Using feature(s) {1, 2, 3, 4, 5, 6, 7, 8, 9, 10, 12, 13, 14, 15, 16, 17, 18, 20, 21, 23, 24, 25, 26, 27, 28, 29, 31, 32, 33, 34, 35, 36, 37, 39, 40} is 78.8%
Using feature(s) {1, 2, 3, 4, 5, 6, 7, 8, 9, 10, 11, 13, 14, 15, 16, 17, 18, 20, 21, 23, 24, 25, 26, 27, 28, 29, 31, 32, 33, 34, 35, 36, 37, 39, 40} is 78.7%
Using feature(s) {1, 2, 3, 4, 5, 6, 7, 8, 9, 10, 11, 12, 14, 15, 16, 17, 18, 20, 21, 23, 24, 25, 26, 27, 28, 29, 31, 32, 33, 34, 35, 36, 37, 39, 40} is 80.2%
Using feature(s) {1, 2, 3, 4, 5, 6, 7, 8, 9, 10, 11, 12, 13, 15, 16, 17, 18, 20, 21, 23, 24, 25, 26, 27, 28, 29, 31, 32, 33, 34, 35, 36, 37, 39, 40} is 79.9%
Using feature(s) {1, 2, 3, 4, 5, 6, 7, 8, 9, 10, 11, 12, 13, 14, 16, 17, 18, 20, 21, 23, 24, 25, 26, 27, 28, 29, 31, 32, 33, 34, 35, 36, 37, 39, 40} is 80.4%
Using feature(s) {1, 2, 3, 4, 5, 6, 7, 8, 9, 10, 11, 12, 13, 14, 15, 17, 18, 20, 21, 23, 24, 25, 26, 27, 28, 29, 31, 32, 33, 34, 35, 36, 37, 39, 40} is 79.1%
Using feature(s) {1, 2, 3, 4, 5, 6, 7, 8, 9, 10, 11, 12, 13, 14, 15, 16, 18, 20, 21, 23, 24, 25, 26, 27, 28, 29, 31, 32, 33, 34, 35, 36, 37, 39, 40} is 80.8%
Using feature(s) {1, 2, 3, 4, 5, 6, 7, 8, 9, 10, 11, 12, 13, 14, 15, 16, 17, 20, 21, 23, 24, 25, 26, 27, 28, 29, 31, 32, 33, 34, 35, 36, 37, 39, 40} is 80.1%
Using feature(s) {1, 2, 3, 4, 5, 6, 7, 8, 9, 10, 11, 12, 13, 14, 15, 16, 17, 18, 21, 23, 24, 25, 26, 27, 28, 29, 31, 32, 33, 34, 35, 36, 37, 39, 40} is 79.8%
Using feature(s) {1, 2, 3, 4, 5, 6, 7, 8, 9, 10, 11, 12, 13, 14, 15, 16, 17, 18, 20, 23, 24, 25, 26, 27, 28, 29, 31, 32, 33, 34, 35, 36, 37, 39, 40} is 79.2%
Using feature(s) {1, 2, 3, 4, 5, 6, 7, 8, 9, 10, 11, 12, 13, 14, 15, 16, 17, 18, 20, 21, 24, 25, 26, 27, 28, 29, 31, 32, 33, 34, 35, 36, 37, 39, 40} is 79.4%
Using feature(s) {1, 2, 3, 4, 5, 6, 7, 8, 9, 10, 11, 12, 13, 14, 15, 16, 17, 18, 20, 21, 23, 25, 26, 27, 28, 29, 31, 32, 33, 34, 35, 36, 37, 39, 40} is 79.1%
Using feature(s) {1, 2, 3, 4, 5, 6, 7, 8, 9, 10, 11, 12, 13, 14, 15, 16, 17, 18, 20, 21, 23, 24, 26, 27, 28, 29, 31, 32, 33, 34, 35, 36, 37, 39, 40} is 80.2%
Using feature(s) {1, 2, 3, 4, 5, 6, 7, 8, 9, 10, 11, 12, 13, 14, 15, 16, 17, 18, 20, 21, 23, 24, 25, 27, 28, 29, 31, 32, 33, 34, 35, 36, 37, 39, 40} is 80.7%
Using feature(s) {1, 2, 3, 4, 5, 6, 7, 8, 9, 10, 11, 12, 13, 14, 15, 16, 17, 18, 20, 21, 23, 24, 25, 26, 28, 29, 31, 32, 33, 34, 35, 36, 37, 39, 40} is 79.8%
Using feature(s) {1, 2, 3, 4, 5, 6, 7, 8, 9, 10, 11, 12, 13, 14, 15, 16, 17, 18, 20, 21, 23, 24, 25, 26, 27, 29, 31, 32, 33, 34, 35, 36, 37, 39, 40} is 80.5%
Using feature(s) {1, 2, 3, 4, 5, 6, 7, 8, 9, 10, 11, 12, 13, 14, 15, 16, 17, 18, 20, 21, 23, 24, 25, 26, 27, 28, 31, 32, 33, 34, 35, 36, 37, 39, 40} is 79.6%
Using feature(s) {1, 2, 3, 4, 5, 6, 7, 8, 9, 10, 11, 12, 13, 14, 15, 16, 17, 18, 20, 21, 23, 24, 25, 26, 27, 28, 29, 32, 33, 34, 35, 36, 37, 39, 40} is 79.3%
Using feature(s) {1, 2, 3, 4, 5, 6, 7, 8, 9, 10, 11, 12, 13, 14, 15, 16, 17, 18, 20, 21, 23, 24, 25, 26, 27, 28, 29, 31, 33, 34, 35, 36, 37, 39, 40} is 79.8%
Using feature(s) {1, 2, 3, 4, 5, 6, 7, 8, 9, 10, 11, 12, 13, 14, 15, 16, 17, 18, 20, 21, 23, 24, 25, 26, 27, 28, 29, 31, 32, 34, 35, 36, 37, 39, 40} is 81.0%
Using feature(s) {1, 2, 3, 4, 5, 6, 7, 8, 9, 10, 11, 12, 13, 14, 15, 16, 17, 18, 20, 21, 23, 24, 25, 26, 27, 28, 29, 31, 32, 33, 35, 36, 37, 39, 40} is 78.9%
Using feature(s) {1, 2, 3, 4, 5, 6, 7, 8, 9, 10, 11, 12, 13, 14, 15, 16, 17, 18, 20, 21, 23, 24, 25, 26, 27, 28, 29, 31, 32, 33, 34, 36, 37, 39, 40} is 78.4%
Using feature(s) {1, 2, 3, 4, 5, 6, 7, 8, 9, 10, 11, 12, 13, 14, 15, 16, 17, 18, 20, 21, 23, 24, 25, 26, 27, 28, 29, 31, 32, 33, 34, 35, 37, 39, 40} is 79.8%
Using feature(s) {1, 2, 3, 4, 5, 6, 7, 8, 9, 10, 11, 12, 13, 14, 15, 16, 17, 18, 20, 21, 23, 24, 25, 26, 27, 28, 29, 31, 32, 33, 34, 35, 36, 39, 40} is 78.4%
Using feature(s) {1, 2, 3, 4, 5, 6, 7, 8, 9, 10, 11, 12, 13, 14, 15, 16, 17, 18, 20, 21, 23, 24, 25, 26, 27, 28, 29, 31, 32, 33, 34, 35, 36, 37, 40} is 78.4%
Using feature(s) {1, 2, 3, 4, 5, 6, 7, 8, 9, 10, 11, 12, 13, 14, 15, 16, 17, 18, 20, 21, 23, 24, 25, 26, 27, 28, 29, 31, 32, 33, 34, 35, 36, 37, 39} is 79.2%
Feature set {1, 2, 3, 4, 5, 6, 7, 8, 9, 10, 11, 12, 13, 14, 15, 16, 17, 18, 20, 21, 23, 24, 25, 26, 27, 28, 29, 31, 32, 34, 35, 36, 37, 39, 40} was best, accuracy is 81.0% | step finished in 740.9152345657349 seconds.
Using feature(s) {2, 3, 4, 5, 6, 7, 8, 9, 10, 11, 12, 13, 14, 15, 16, 17, 18, 20, 21, 23, 24, 25, 26, 27, 28, 29, 31, 32, 34, 35, 36, 37, 39, 40} is 81.7%
Using feature(s) {1, 3, 4, 5, 6, 7, 8, 9, 10, 11, 12, 13, 14, 15, 16, 17, 18, 20, 21, 23, 24, 25, 26, 27, 28, 29, 31, 32, 34, 35, 36, 37, 39, 40} is 78.6%
Using feature(s) {1, 2, 4, 5, 6, 7, 8, 9, 10, 11, 12, 13, 14, 15, 16, 17, 18, 20, 21, 23, 24, 25, 26, 27, 28, 29, 31, 32, 34, 35, 36, 37, 39, 40} is 81.4%
Using feature(s) {1, 2, 3, 5, 6, 7, 8, 9, 10, 11, 12, 13, 14, 15, 16, 17, 18, 20, 21, 23, 24, 25, 26, 27, 28, 29, 31, 32, 34, 35, 36, 37, 39, 40} is 80.6%
Using feature(s) {1, 2, 3, 4, 6, 7, 8, 9, 10, 11, 12, 13, 14, 15, 16, 17, 18, 20, 21, 23, 24, 25, 26, 27, 28, 29, 31, 32, 34, 35, 36, 37, 39, 40} is 80.3%
Using feature(s) {1, 2, 3, 4, 5, 7, 8, 9, 10, 11, 12, 13, 14, 15, 16, 17, 18, 20, 21, 23, 24, 25, 26, 27, 28, 29, 31, 32, 34, 35, 36, 37, 39, 40} is 79.6%
Using feature(s) {1, 2, 3, 4, 5, 6, 8, 9, 10, 11, 12, 13, 14, 15, 16, 17, 18, 20, 21, 23, 24, 25, 26, 27, 28, 29, 31, 32, 34, 35, 36, 37, 39, 40} is 79.6%
Using feature(s) {1, 2, 3, 4, 5, 6, 7, 9, 10, 11, 12, 13, 14, 15, 16, 17, 18, 20, 21, 23, 24, 25, 26, 27, 28, 29, 31, 32, 34, 35, 36, 37, 39, 40} is 80.6%
Using feature(s) {1, 2, 3, 4, 5, 6, 7, 8, 10, 11, 12, 13, 14, 15, 16, 17, 18, 20, 21, 23, 24, 25, 26, 27, 28, 29, 31, 32, 34, 35, 36, 37, 39, 40} is 79.7%
Using feature(s) {1, 2, 3, 4, 5, 6, 7, 8, 9, 11, 12, 13, 14, 15, 16, 17, 18, 20, 21, 23, 24, 25, 26, 27, 28, 29, 31, 32, 34, 35, 36, 37, 39, 40} is 80.2%
Using feature(s) {1, 2, 3, 4, 5, 6, 7, 8, 9, 10, 12, 13, 14, 15, 16, 17, 18, 20, 21, 23, 24, 25, 26, 27, 28, 29, 31, 32, 34, 35, 36, 37, 39, 40} is 80.4%
Using feature(s) {1, 2, 3, 4, 5, 6, 7, 8, 9, 10, 11, 13, 14, 15, 16, 17, 18, 20, 21, 23, 24, 25, 26, 27, 28, 29, 31, 32, 34, 35, 36, 37, 39, 40} is 79.4%
Using feature(s) {1, 2, 3, 4, 5, 6, 7, 8, 9, 10, 11, 12, 14, 15, 16, 17, 18, 20, 21, 23, 24, 25, 26, 27, 28, 29, 31, 32, 34, 35, 36, 37, 39, 40} is 81.4%
Using feature(s) {1, 2, 3, 4, 5, 6, 7, 8, 9, 10, 11, 12, 13, 15, 16, 17, 18, 20, 21, 23, 24, 25, 26, 27, 28, 29, 31, 32, 34, 35, 36, 37, 39, 40} is 79.6%
Using feature(s) {1, 2, 3, 4, 5, 6, 7, 8, 9, 10, 11, 12, 13, 14, 16, 17, 18, 20, 21, 23, 24, 25, 26, 27, 28, 29, 31, 32, 34, 35, 36, 37, 39, 40} is 80.8%
Using feature(s) {1, 2, 3, 4, 5, 6, 7, 8, 9, 10, 11, 12, 13, 14, 15, 17, 18, 20, 21, 23, 24, 25, 26, 27, 28, 29, 31, 32, 34, 35, 36, 37, 39, 40} is 79.6%
Using feature(s) {1, 2, 3, 4, 5, 6, 7, 8, 9, 10, 11, 12, 13, 14, 15, 16, 18, 20, 21, 23, 24, 25, 26, 27, 28, 29, 31, 32, 34, 35, 36, 37, 39, 40} is 81.3%
Using feature(s) {1, 2, 3, 4, 5, 6, 7, 8, 9, 10, 11, 12, 13, 14, 15, 16, 17, 20, 21, 23, 24, 25, 26, 27, 28, 29, 31, 32, 34, 35, 36, 37, 39, 40} is 80.6%
Using feature(s) {1, 2, 3, 4, 5, 6, 7, 8, 9, 10, 11, 12, 13, 14, 15, 16, 17, 18, 21, 23, 24, 25, 26, 27, 28, 29, 31, 32, 34, 35, 36, 37, 39, 40} is 79.8%
Using feature(s) {1, 2, 3, 4, 5, 6, 7, 8, 9, 10, 11, 12, 13, 14, 15, 16, 17, 18, 20, 23, 24, 25, 26, 27, 28, 29, 31, 32, 34, 35, 36, 37, 39, 40} is 79.8%
Using feature(s) {1, 2, 3, 4, 5, 6, 7, 8, 9, 10, 11, 12, 13, 14, 15, 16, 17, 18, 20, 21, 24, 25, 26, 27, 28, 29, 31, 32, 34, 35, 36, 37, 39, 40} is 79.7%
Using feature(s) {1, 2, 3, 4, 5, 6, 7, 8, 9, 10, 11, 12, 13, 14, 15, 16, 17, 18, 20, 21, 23, 25, 26, 27, 28, 29, 31, 32, 34, 35, 36, 37, 39, 40} is 79.7%
Using feature(s) {1, 2, 3, 4, 5, 6, 7, 8, 9, 10, 11, 12, 13, 14, 15, 16, 17, 18, 20, 21, 23, 24, 26, 27, 28, 29, 31, 32, 34, 35, 36, 37, 39, 40} is 80.8%
Using feature(s) {1, 2, 3, 4, 5, 6, 7, 8, 9, 10, 11, 12, 13, 14, 15, 16, 17, 18, 20, 21, 23, 24, 25, 27, 28, 29, 31, 32, 34, 35, 36, 37, 39, 40} is 81.1%
Using feature(s) {1, 2, 3, 4, 5, 6, 7, 8, 9, 10, 11, 12, 13, 14, 15, 16, 17, 18, 20, 21, 23, 24, 25, 26, 28, 29, 31, 32, 34, 35, 36, 37, 39, 40} is 80.3%
Using feature(s) {1, 2, 3, 4, 5, 6, 7, 8, 9, 10, 11, 12, 13, 14, 15, 16, 17, 18, 20, 21, 23, 24, 25, 26, 27, 29, 31, 32, 34, 35, 36, 37, 39, 40} is 80.3%
Using feature(s) {1, 2, 3, 4, 5, 6, 7, 8, 9, 10, 11, 12, 13, 14, 15, 16, 17, 18, 20, 21, 23, 24, 25, 26, 27, 28, 31, 32, 34, 35, 36, 37, 39, 40} is 79.8%
Using feature(s) {1, 2, 3, 4, 5, 6, 7, 8, 9, 10, 11, 12, 13, 14, 15, 16, 17, 18, 20, 21, 23, 24, 25, 26, 27, 28, 29, 32, 34, 35, 36, 37, 39, 40} is 80.1%
Using feature(s) {1, 2, 3, 4, 5, 6, 7, 8, 9, 10, 11, 12, 13, 14, 15, 16, 17, 18, 20, 21, 23, 24, 25, 26, 27, 28, 29, 31, 34, 35, 36, 37, 39, 40} is 79.8%
Using feature(s) {1, 2, 3, 4, 5, 6, 7, 8, 9, 10, 11, 12, 13, 14, 15, 16, 17, 18, 20, 21, 23, 24, 25, 26, 27, 28, 29, 31, 32, 35, 36, 37, 39, 40} is 79.0%
Using feature(s) {1, 2, 3, 4, 5, 6, 7, 8, 9, 10, 11, 12, 13, 14, 15, 16, 17, 18, 20, 21, 23, 24, 25, 26, 27, 28, 29, 31, 32, 34, 36, 37, 39, 40} is 79.4%
Using feature(s) {1, 2, 3, 4, 5, 6, 7, 8, 9, 10, 11, 12, 13, 14, 15, 16, 17, 18, 20, 21, 23, 24, 25, 26, 27, 28, 29, 31, 32, 34, 35, 37, 39, 40} is 79.6%
Using feature(s) {1, 2, 3, 4, 5, 6, 7, 8, 9, 10, 11, 12, 13, 14, 15, 16, 17, 18, 20, 21, 23, 24, 25, 26, 27, 28, 29, 31, 32, 34, 35, 36, 39, 40} is 79.6%
Using feature(s) {1, 2, 3, 4, 5, 6, 7, 8, 9, 10, 11, 12, 13, 14, 15, 16, 17, 18, 20, 21, 23, 24, 25, 26, 27, 28, 29, 31, 32, 34, 35, 36, 37, 40} is 79.1%
Using feature(s) {1, 2, 3, 4, 5, 6, 7, 8, 9, 10, 11, 12, 13, 14, 15, 16, 17, 18, 20, 21, 23, 24, 25, 26, 27, 28, 29, 31, 32, 34, 35, 36, 37, 39} is 80.1%
Feature set {2, 3, 4, 5, 6, 7, 8, 9, 10, 11, 12, 13, 14, 15, 16, 17, 18, 20, 21, 23, 24, 25, 26, 27, 28, 29, 31, 32, 34, 35, 36, 37, 39, 40} was best, accuracy is 81.7% | step finished in 693.8712031841278 seconds.
Using feature(s) {3, 4, 5, 6, 7, 8, 9, 10, 11, 12, 13, 14, 15, 16, 17, 18, 20, 21, 23, 24, 25, 26, 27, 28, 29, 31, 32, 34, 35, 36, 37, 39, 40} is 78.7%
Using feature(s) {2, 4, 5, 6, 7, 8, 9, 10, 11, 12, 13, 14, 15, 16, 17, 18, 20, 21, 23, 24, 25, 26, 27, 28, 29, 31, 32, 34, 35, 36, 37, 39, 40} is 80.8%
Using feature(s) {2, 3, 5, 6, 7, 8, 9, 10, 11, 12, 13, 14, 15, 16, 17, 18, 20, 21, 23, 24, 25, 26, 27, 28, 29, 31, 32, 34, 35, 36, 37, 39, 40} is 81.1%
Using feature(s) {2, 3, 4, 6, 7, 8, 9, 10, 11, 12, 13, 14, 15, 16, 17, 18, 20, 21, 23, 24, 25, 26, 27, 28, 29, 31, 32, 34, 35, 36, 37, 39, 40} is 80.9%
Using feature(s) {2, 3, 4, 5, 7, 8, 9, 10, 11, 12, 13, 14, 15, 16, 17, 18, 20, 21, 23, 24, 25, 26, 27, 28, 29, 31, 32, 34, 35, 36, 37, 39, 40} is 80.2%
Using feature(s) {2, 3, 4, 5, 6, 8, 9, 10, 11, 12, 13, 14, 15, 16, 17, 18, 20, 21, 23, 24, 25, 26, 27, 28, 29, 31, 32, 34, 35, 36, 37, 39, 40} is 81.0%
Using feature(s) {2, 3, 4, 5, 6, 7, 9, 10, 11, 12, 13, 14, 15, 16, 17, 18, 20, 21, 23, 24, 25, 26, 27, 28, 29, 31, 32, 34, 35, 36, 37, 39, 40} is 80.5%
Using feature(s) {2, 3, 4, 5, 6, 7, 8, 10, 11, 12, 13, 14, 15, 16, 17, 18, 20, 21, 23, 24, 25, 26, 27, 28, 29, 31, 32, 34, 35, 36, 37, 39, 40} is 79.6%
Using feature(s) {2, 3, 4, 5, 6, 7, 8, 9, 11, 12, 13, 14, 15, 16, 17, 18, 20, 21, 23, 24, 25, 26, 27, 28, 29, 31, 32, 34, 35, 36, 37, 39, 40} is 80.4%
Using feature(s) {2, 3, 4, 5, 6, 7, 8, 9, 10, 12, 13, 14, 15, 16, 17, 18, 20, 21, 23, 24, 25, 26, 27, 28, 29, 31, 32, 34, 35, 36, 37, 39, 40} is 81.5%
Using feature(s) {2, 3, 4, 5, 6, 7, 8, 9, 10, 11, 13, 14, 15, 16, 17, 18, 20, 21, 23, 24, 25, 26, 27, 28, 29, 31, 32, 34, 35, 36, 37, 39, 40} is 80.1%
Using feature(s) {2, 3, 4, 5, 6, 7, 8, 9, 10, 11, 12, 14, 15, 16, 17, 18, 20, 21, 23, 24, 25, 26, 27, 28, 29, 31, 32, 34, 35, 36, 37, 39, 40} is 81.0%
Using feature(s) {2, 3, 4, 5, 6, 7, 8, 9, 10, 11, 12, 13, 15, 16, 17, 18, 20, 21, 23, 24, 25, 26, 27, 28, 29, 31, 32, 34, 35, 36, 37, 39, 40} is 80.2%
Using feature(s) {2, 3, 4, 5, 6, 7, 8, 9, 10, 11, 12, 13, 14, 16, 17, 18, 20, 21, 23, 24, 25, 26, 27, 28, 29, 31, 32, 34, 35, 36, 37, 39, 40} is 80.7%
Using feature(s) {2, 3, 4, 5, 6, 7, 8, 9, 10, 11, 12, 13, 14, 15, 17, 18, 20, 21, 23, 24, 25, 26, 27, 28, 29, 31, 32, 34, 35, 36, 37, 39, 40} is 79.7%
Using feature(s) {2, 3, 4, 5, 6, 7, 8, 9, 10, 11, 12, 13, 14, 15, 16, 18, 20, 21, 23, 24, 25, 26, 27, 28, 29, 31, 32, 34, 35, 36, 37, 39, 40} is 81.7%
Using feature(s) {2, 3, 4, 5, 6, 7, 8, 9, 10, 11, 12, 13, 14, 15, 16, 17, 20, 21, 23, 24, 25, 26, 27, 28, 29, 31, 32, 34, 35, 36, 37, 39, 40} is 81.2%
Using feature(s) {2, 3, 4, 5, 6, 7, 8, 9, 10, 11, 12, 13, 14, 15, 16, 17, 18, 21, 23, 24, 25, 26, 27, 28, 29, 31, 32, 34, 35, 36, 37, 39, 40} is 80.6%
Using feature(s) {2, 3, 4, 5, 6, 7, 8, 9, 10, 11, 12, 13, 14, 15, 16, 17, 18, 20, 23, 24, 25, 26, 27, 28, 29, 31, 32, 34, 35, 36, 37, 39, 40} is 80.9%
Using feature(s) {2, 3, 4, 5, 6, 7, 8, 9, 10, 11, 12, 13, 14, 15, 16, 17, 18, 20, 21, 24, 25, 26, 27, 28, 29, 31, 32, 34, 35, 36, 37, 39, 40} is 79.4%
Using feature(s) {2, 3, 4, 5, 6, 7, 8, 9, 10, 11, 12, 13, 14, 15, 16, 17, 18, 20, 21, 23, 25, 26, 27, 28, 29, 31, 32, 34, 35, 36, 37, 39, 40} is 80.0%
Using feature(s) {2, 3, 4, 5, 6, 7, 8, 9, 10, 11, 12, 13, 14, 15, 16, 17, 18, 20, 21, 23, 24, 26, 27, 28, 29, 31, 32, 34, 35, 36, 37, 39, 40} is 81.5%
Using feature(s) {2, 3, 4, 5, 6, 7, 8, 9, 10, 11, 12, 13, 14, 15, 16, 17, 18, 20, 21, 23, 24, 25, 27, 28, 29, 31, 32, 34, 35, 36, 37, 39, 40} is 81.1%
Using feature(s) {2, 3, 4, 5, 6, 7, 8, 9, 10, 11, 12, 13, 14, 15, 16, 17, 18, 20, 21, 23, 24, 25, 26, 28, 29, 31, 32, 34, 35, 36, 37, 39, 40} is 80.5%
Using feature(s) {2, 3, 4, 5, 6, 7, 8, 9, 10, 11, 12, 13, 14, 15, 16, 17, 18, 20, 21, 23, 24, 25, 26, 27, 29, 31, 32, 34, 35, 36, 37, 39, 40} is 81.2%
Using feature(s) {2, 3, 4, 5, 6, 7, 8, 9, 10, 11, 12, 13, 14, 15, 16, 17, 18, 20, 21, 23, 24, 25, 26, 27, 28, 31, 32, 34, 35, 36, 37, 39, 40} is 80.0%
Using feature(s) {2, 3, 4, 5, 6, 7, 8, 9, 10, 11, 12, 13, 14, 15, 16, 17, 18, 20, 21, 23, 24, 25, 26, 27, 28, 29, 32, 34, 35, 36, 37, 39, 40} is 80.5%
Using feature(s) {2, 3, 4, 5, 6, 7, 8, 9, 10, 11, 12, 13, 14, 15, 16, 17, 18, 20, 21, 23, 24, 25, 26, 27, 28, 29, 31, 34, 35, 36, 37, 39, 40} is 80.6%
Using feature(s) {2, 3, 4, 5, 6, 7, 8, 9, 10, 11, 12, 13, 14, 15, 16, 17, 18, 20, 21, 23, 24, 25, 26, 27, 28, 29, 31, 32, 35, 36, 37, 39, 40} is 79.1%
Using feature(s) {2, 3, 4, 5, 6, 7, 8, 9, 10, 11, 12, 13, 14, 15, 16, 17, 18, 20, 21, 23, 24, 25, 26, 27, 28, 29, 31, 32, 34, 36, 37, 39, 40} is 80.3%
Using feature(s) {2, 3, 4, 5, 6, 7, 8, 9, 10, 11, 12, 13, 14, 15, 16, 17, 18, 20, 21, 23, 24, 25, 26, 27, 28, 29, 31, 32, 34, 35, 37, 39, 40} is 80.3%
Using feature(s) {2, 3, 4, 5, 6, 7, 8, 9, 10, 11, 12, 13, 14, 15, 16, 17, 18, 20, 21, 23, 24, 25, 26, 27, 28, 29, 31, 32, 34, 35, 36, 39, 40} is 79.5%
Using feature(s) {2, 3, 4, 5, 6, 7, 8, 9, 10, 11, 12, 13, 14, 15, 16, 17, 18, 20, 21, 23, 24, 25, 26, 27, 28, 29, 31, 32, 34, 35, 36, 37, 40} is 79.9%
Using feature(s) {2, 3, 4, 5, 6, 7, 8, 9, 10, 11, 12, 13, 14, 15, 16, 17, 18, 20, 21, 23, 24, 25, 26, 27, 28, 29, 31, 32, 34, 35, 36, 37, 39} is 79.7%
Feature set {2, 3, 4, 5, 6, 7, 8, 9, 10, 11, 12, 13, 14, 15, 16, 18, 20, 21, 23, 24, 25, 26, 27, 28, 29, 31, 32, 34, 35, 36, 37, 39, 40} was best, accuracy is 81.7% | step finished in 669.319550037384 seconds.
Using feature(s) {3, 4, 5, 6, 7, 8, 9, 10, 11, 12, 13, 14, 15, 16, 18, 20, 21, 23, 24, 25, 26, 27, 28, 29, 31, 32, 34, 35, 36, 37, 39, 40} is 79.7%
Using feature(s) {2, 4, 5, 6, 7, 8, 9, 10, 11, 12, 13, 14, 15, 16, 18, 20, 21, 23, 24, 25, 26, 27, 28, 29, 31, 32, 34, 35, 36, 37, 39, 40} is 80.7%
Using feature(s) {2, 3, 5, 6, 7, 8, 9, 10, 11, 12, 13, 14, 15, 16, 18, 20, 21, 23, 24, 25, 26, 27, 28, 29, 31, 32, 34, 35, 36, 37, 39, 40} is 80.9%
Using feature(s) {2, 3, 4, 6, 7, 8, 9, 10, 11, 12, 13, 14, 15, 16, 18, 20, 21, 23, 24, 25, 26, 27, 28, 29, 31, 32, 34, 35, 36, 37, 39, 40} is 80.9%
Using feature(s) {2, 3, 4, 5, 7, 8, 9, 10, 11, 12, 13, 14, 15, 16, 18, 20, 21, 23, 24, 25, 26, 27, 28, 29, 31, 32, 34, 35, 36, 37, 39, 40} is 80.7%
Using feature(s) {2, 3, 4, 5, 6, 8, 9, 10, 11, 12, 13, 14, 15, 16, 18, 20, 21, 23, 24, 25, 26, 27, 28, 29, 31, 32, 34, 35, 36, 37, 39, 40} is 82.0%
Using feature(s) {2, 3, 4, 5, 6, 7, 9, 10, 11, 12, 13, 14, 15, 16, 18, 20, 21, 23, 24, 25, 26, 27, 28, 29, 31, 32, 34, 35, 36, 37, 39, 40} is 80.3%
Using feature(s) {2, 3, 4, 5, 6, 7, 8, 10, 11, 12, 13, 14, 15, 16, 18, 20, 21, 23, 24, 25, 26, 27, 28, 29, 31, 32, 34, 35, 36, 37, 39, 40} is 81.0%
Using feature(s) {2, 3, 4, 5, 6, 7, 8, 9, 11, 12, 13, 14, 15, 16, 18, 20, 21, 23, 24, 25, 26, 27, 28, 29, 31, 32, 34, 35, 36, 37, 39, 40} is 81.2%
Using feature(s) {2, 3, 4, 5, 6, 7, 8, 9, 10, 12, 13, 14, 15, 16, 18, 20, 21, 23, 24, 25, 26, 27, 28, 29, 31, 32, 34, 35, 36, 37, 39, 40} is 82.0%
Using feature(s) {2, 3, 4, 5, 6, 7, 8, 9, 10, 11, 13, 14, 15, 16, 18, 20, 21, 23, 24, 25, 26, 27, 28, 29, 31, 32, 34, 35, 36, 37, 39, 40} is 80.2%
Using feature(s) {2, 3, 4, 5, 6, 7, 8, 9, 10, 11, 12, 14, 15, 16, 18, 20, 21, 23, 24, 25, 26, 27, 28, 29, 31, 32, 34, 35, 36, 37, 39, 40} is 80.6%
Using feature(s) {2, 3, 4, 5, 6, 7, 8, 9, 10, 11, 12, 13, 15, 16, 18, 20, 21, 23, 24, 25, 26, 27, 28, 29, 31, 32, 34, 35, 36, 37, 39, 40} is 81.2%
Using feature(s) {2, 3, 4, 5, 6, 7, 8, 9, 10, 11, 12, 13, 14, 16, 18, 20, 21, 23, 24, 25, 26, 27, 28, 29, 31, 32, 34, 35, 36, 37, 39, 40} is 81.6%
Using feature(s) {2, 3, 4, 5, 6, 7, 8, 9, 10, 11, 12, 13, 14, 15, 18, 20, 21, 23, 24, 25, 26, 27, 28, 29, 31, 32, 34, 35, 36, 37, 39, 40} is 80.4%
Using feature(s) {2, 3, 4, 5, 6, 7, 8, 9, 10, 11, 12, 13, 14, 15, 16, 20, 21, 23, 24, 25, 26, 27, 28, 29, 31, 32, 34, 35, 36, 37, 39, 40} is 81.4%
Using feature(s) {2, 3, 4, 5, 6, 7, 8, 9, 10, 11, 12, 13, 14, 15, 16, 18, 21, 23, 24, 25, 26, 27, 28, 29, 31, 32, 34, 35, 36, 37, 39, 40} is 80.6%
Using feature(s) {2, 3, 4, 5, 6, 7, 8, 9, 10, 11, 12, 13, 14, 15, 16, 18, 20, 23, 24, 25, 26, 27, 28, 29, 31, 32, 34, 35, 36, 37, 39, 40} is 80.9%
Using feature(s) {2, 3, 4, 5, 6, 7, 8, 9, 10, 11, 12, 13, 14, 15, 16, 18, 20, 21, 24, 25, 26, 27, 28, 29, 31, 32, 34, 35, 36, 37, 39, 40} is 80.5%
Using feature(s) {2, 3, 4, 5, 6, 7, 8, 9, 10, 11, 12, 13, 14, 15, 16, 18, 20, 21, 23, 25, 26, 27, 28, 29, 31, 32, 34, 35, 36, 37, 39, 40} is 80.5%
Using feature(s) {2, 3, 4, 5, 6, 7, 8, 9, 10, 11, 12, 13, 14, 15, 16, 18, 20, 21, 23, 24, 26, 27, 28, 29, 31, 32, 34, 35, 36, 37, 39, 40} is 81.9%
Using feature(s) {2, 3, 4, 5, 6, 7, 8, 9, 10, 11, 12, 13, 14, 15, 16, 18, 20, 21, 23, 24, 25, 27, 28, 29, 31, 32, 34, 35, 36, 37, 39, 40} is 81.9%
Using feature(s) {2, 3, 4, 5, 6, 7, 8, 9, 10, 11, 12, 13, 14, 15, 16, 18, 20, 21, 23, 24, 25, 26, 28, 29, 31, 32, 34, 35, 36, 37, 39, 40} is 80.6%
Using feature(s) {2, 3, 4, 5, 6, 7, 8, 9, 10, 11, 12, 13, 14, 15, 16, 18, 20, 21, 23, 24, 25, 26, 27, 29, 31, 32, 34, 35, 36, 37, 39, 40} is 81.0%
Using feature(s) {2, 3, 4, 5, 6, 7, 8, 9, 10, 11, 12, 13, 14, 15, 16, 18, 20, 21, 23, 24, 25, 26, 27, 28, 31, 32, 34, 35, 36, 37, 39, 40} is 81.3%
Using feature(s) {2, 3, 4, 5, 6, 7, 8, 9, 10, 11, 12, 13, 14, 15, 16, 18, 20, 21, 23, 24, 25, 26, 27, 28, 29, 32, 34, 35, 36, 37, 39, 40} is 80.0%
Using feature(s) {2, 3, 4, 5, 6, 7, 8, 9, 10, 11, 12, 13, 14, 15, 16, 18, 20, 21, 23, 24, 25, 26, 27, 28, 29, 31, 34, 35, 36, 37, 39, 40} is 81.8%
Using feature(s) {2, 3, 4, 5, 6, 7, 8, 9, 10, 11, 12, 13, 14, 15, 16, 18, 20, 21, 23, 24, 25, 26, 27, 28, 29, 31, 32, 35, 36, 37, 39, 40} is 79.8%
Using feature(s) {2, 3, 4, 5, 6, 7, 8, 9, 10, 11, 12, 13, 14, 15, 16, 18, 20, 21, 23, 24, 25, 26, 27, 28, 29, 31, 32, 34, 36, 37, 39, 40} is 80.2%
Using feature(s) {2, 3, 4, 5, 6, 7, 8, 9, 10, 11, 12, 13, 14, 15, 16, 18, 20, 21, 23, 24, 25, 26, 27, 28, 29, 31, 32, 34, 35, 37, 39, 40} is 81.3%
Using feature(s) {2, 3, 4, 5, 6, 7, 8, 9, 10, 11, 12, 13, 14, 15, 16, 18, 20, 21, 23, 24, 25, 26, 27, 28, 29, 31, 32, 34, 35, 36, 39, 40} is 80.4%
Using feature(s) {2, 3, 4, 5, 6, 7, 8, 9, 10, 11, 12, 13, 14, 15, 16, 18, 20, 21, 23, 24, 25, 26, 27, 28, 29, 31, 32, 34, 35, 36, 37, 40} is 80.0%
Using feature(s) {2, 3, 4, 5, 6, 7, 8, 9, 10, 11, 12, 13, 14, 15, 16, 18, 20, 21, 23, 24, 25, 26, 27, 28, 29, 31, 32, 34, 35, 36, 37, 39} is 80.5%
Feature set {2, 3, 4, 5, 6, 8, 9, 10, 11, 12, 13, 14, 15, 16, 18, 20, 21, 23, 24, 25, 26, 27, 28, 29, 31, 32, 34, 35, 36, 37, 39, 40} was best, accuracy is 82.0% | step finished in 653.464875459671 seconds.
Using feature(s) {3, 4, 5, 6, 8, 9, 10, 11, 12, 13, 14, 15, 16, 18, 20, 21, 23, 24, 25, 26, 27, 28, 29, 31, 32, 34, 35, 36, 37, 39, 40} is 80.2%
Using feature(s) {2, 4, 5, 6, 8, 9, 10, 11, 12, 13, 14, 15, 16, 18, 20, 21, 23, 24, 25, 26, 27, 28, 29, 31, 32, 34, 35, 36, 37, 39, 40} is 81.4%
Using feature(s) {2, 3, 5, 6, 8, 9, 10, 11, 12, 13, 14, 15, 16, 18, 20, 21, 23, 24, 25, 26, 27, 28, 29, 31, 32, 34, 35, 36, 37, 39, 40} is 80.5%
Using feature(s) {2, 3, 4, 6, 8, 9, 10, 11, 12, 13, 14, 15, 16, 18, 20, 21, 23, 24, 25, 26, 27, 28, 29, 31, 32, 34, 35, 36, 37, 39, 40} is 81.3%
Using feature(s) {2, 3, 4, 5, 8, 9, 10, 11, 12, 13, 14, 15, 16, 18, 20, 21, 23, 24, 25, 26, 27, 28, 29, 31, 32, 34, 35, 36, 37, 39, 40} is 81.1%
Using feature(s) {2, 3, 4, 5, 6, 9, 10, 11, 12, 13, 14, 15, 16, 18, 20, 21, 23, 24, 25, 26, 27, 28, 29, 31, 32, 34, 35, 36, 37, 39, 40} is 80.5%
Using feature(s) {2, 3, 4, 5, 6, 8, 10, 11, 12, 13, 14, 15, 16, 18, 20, 21, 23, 24, 25, 26, 27, 28, 29, 31, 32, 34, 35, 36, 37, 39, 40} is 80.7%
Using feature(s) {2, 3, 4, 5, 6, 8, 9, 11, 12, 13, 14, 15, 16, 18, 20, 21, 23, 24, 25, 26, 27, 28, 29, 31, 32, 34, 35, 36, 37, 39, 40} is 80.7%
Using feature(s) {2, 3, 4, 5, 6, 8, 9, 10, 12, 13, 14, 15, 16, 18, 20, 21, 23, 24, 25, 26, 27, 28, 29, 31, 32, 34, 35, 36, 37, 39, 40} is 80.9%
Using feature(s) {2, 3, 4, 5, 6, 8, 9, 10, 11, 13, 14, 15, 16, 18, 20, 21, 23, 24, 25, 26, 27, 28, 29, 31, 32, 34, 35, 36, 37, 39, 40} is 80.3%
Using feature(s) {2, 3, 4, 5, 6, 8, 9, 10, 11, 12, 14, 15, 16, 18, 20, 21, 23, 24, 25, 26, 27, 28, 29, 31, 32, 34, 35, 36, 37, 39, 40} is 81.7%
Using feature(s) {2, 3, 4, 5, 6, 8, 9, 10, 11, 12, 13, 15, 16, 18, 20, 21, 23, 24, 25, 26, 27, 28, 29, 31, 32, 34, 35, 36, 37, 39, 40} is 80.8%
Using feature(s) {2, 3, 4, 5, 6, 8, 9, 10, 11, 12, 13, 14, 16, 18, 20, 21, 23, 24, 25, 26, 27, 28, 29, 31, 32, 34, 35, 36, 37, 39, 40} is 81.3%
Using feature(s) {2, 3, 4, 5, 6, 8, 9, 10, 11, 12, 13, 14, 15, 18, 20, 21, 23, 24, 25, 26, 27, 28, 29, 31, 32, 34, 35, 36, 37, 39, 40} is 80.0%
Using feature(s) {2, 3, 4, 5, 6, 8, 9, 10, 11, 12, 13, 14, 15, 16, 20, 21, 23, 24, 25, 26, 27, 28, 29, 31, 32, 34, 35, 36, 37, 39, 40} is 80.2%
Using feature(s) {2, 3, 4, 5, 6, 8, 9, 10, 11, 12, 13, 14, 15, 16, 18, 21, 23, 24, 25, 26, 27, 28, 29, 31, 32, 34, 35, 36, 37, 39, 40} is 80.4%
Using feature(s) {2, 3, 4, 5, 6, 8, 9, 10, 11, 12, 13, 14, 15, 16, 18, 20, 23, 24, 25, 26, 27, 28, 29, 31, 32, 34, 35, 36, 37, 39, 40} is 80.4%
Using feature(s) {2, 3, 4, 5, 6, 8, 9, 10, 11, 12, 13, 14, 15, 16, 18, 20, 21, 24, 25, 26, 27, 28, 29, 31, 32, 34, 35, 36, 37, 39, 40} is 80.7%
Using feature(s) {2, 3, 4, 5, 6, 8, 9, 10, 11, 12, 13, 14, 15, 16, 18, 20, 21, 23, 25, 26, 27, 28, 29, 31, 32, 34, 35, 36, 37, 39, 40} is 80.8%
Using feature(s) {2, 3, 4, 5, 6, 8, 9, 10, 11, 12, 13, 14, 15, 16, 18, 20, 21, 23, 24, 26, 27, 28, 29, 31, 32, 34, 35, 36, 37, 39, 40} is 82.4%
Using feature(s) {2, 3, 4, 5, 6, 8, 9, 10, 11, 12, 13, 14, 15, 16, 18, 20, 21, 23, 24, 25, 27, 28, 29, 31, 32, 34, 35, 36, 37, 39, 40} is 82.0%
Using feature(s) {2, 3, 4, 5, 6, 8, 9, 10, 11, 12, 13, 14, 15, 16, 18, 20, 21, 23, 24, 25, 26, 28, 29, 31, 32, 34, 35, 36, 37, 39, 40} is 81.3%
Using feature(s) {2, 3, 4, 5, 6, 8, 9, 10, 11, 12, 13, 14, 15, 16, 18, 20, 21, 23, 24, 25, 26, 27, 29, 31, 32, 34, 35, 36, 37, 39, 40} is 81.9%
Using feature(s) {2, 3, 4, 5, 6, 8, 9, 10, 11, 12, 13, 14, 15, 16, 18, 20, 21, 23, 24, 25, 26, 27, 28, 31, 32, 34, 35, 36, 37, 39, 40} is 80.9%
Using feature(s) {2, 3, 4, 5, 6, 8, 9, 10, 11, 12, 13, 14, 15, 16, 18, 20, 21, 23, 24, 25, 26, 27, 28, 29, 32, 34, 35, 36, 37, 39, 40} is 81.7%
Using feature(s) {2, 3, 4, 5, 6, 8, 9, 10, 11, 12, 13, 14, 15, 16, 18, 20, 21, 23, 24, 25, 26, 27, 28, 29, 31, 34, 35, 36, 37, 39, 40} is 81.3%
Using feature(s) {2, 3, 4, 5, 6, 8, 9, 10, 11, 12, 13, 14, 15, 16, 18, 20, 21, 23, 24, 25, 26, 27, 28, 29, 31, 32, 35, 36, 37, 39, 40} is 81.3%
Using feature(s) {2, 3, 4, 5, 6, 8, 9, 10, 11, 12, 13, 14, 15, 16, 18, 20, 21, 23, 24, 25, 26, 27, 28, 29, 31, 32, 34, 36, 37, 39, 40} is 80.2%
Using feature(s) {2, 3, 4, 5, 6, 8, 9, 10, 11, 12, 13, 14, 15, 16, 18, 20, 21, 23, 24, 25, 26, 27, 28, 29, 31, 32, 34, 35, 37, 39, 40} is 81.2%
Using feature(s) {2, 3, 4, 5, 6, 8, 9, 10, 11, 12, 13, 14, 15, 16, 18, 20, 21, 23, 24, 25, 26, 27, 28, 29, 31, 32, 34, 35, 36, 39, 40} is 79.7%
Using feature(s) {2, 3, 4, 5, 6, 8, 9, 10, 11, 12, 13, 14, 15, 16, 18, 20, 21, 23, 24, 25, 26, 27, 28, 29, 31, 32, 34, 35, 36, 37, 40} is 79.9%
Using feature(s) {2, 3, 4, 5, 6, 8, 9, 10, 11, 12, 13, 14, 15, 16, 18, 20, 21, 23, 24, 25, 26, 27, 28, 29, 31, 32, 34, 35, 36, 37, 39} is 81.2%
Feature set {2, 3, 4, 5, 6, 8, 9, 10, 11, 12, 13, 14, 15, 16, 18, 20, 21, 23, 24, 26, 27, 28, 29, 31, 32, 34, 35, 36, 37, 39, 40} was best, accuracy is 82.4% | step finished in 610.6123900413513 seconds.
Using feature(s) {3, 4, 5, 6, 8, 9, 10, 11, 12, 13, 14, 15, 16, 18, 20, 21, 23, 24, 26, 27, 28, 29, 31, 32, 34, 35, 36, 37, 39, 40} is 80.0%
Using feature(s) {2, 4, 5, 6, 8, 9, 10, 11, 12, 13, 14, 15, 16, 18, 20, 21, 23, 24, 26, 27, 28, 29, 31, 32, 34, 35, 36, 37, 39, 40} is 81.0%
Using feature(s) {2, 3, 5, 6, 8, 9, 10, 11, 12, 13, 14, 15, 16, 18, 20, 21, 23, 24, 26, 27, 28, 29, 31, 32, 34, 35, 36, 37, 39, 40} is 80.6%
Using feature(s) {2, 3, 4, 6, 8, 9, 10, 11, 12, 13, 14, 15, 16, 18, 20, 21, 23, 24, 26, 27, 28, 29, 31, 32, 34, 35, 36, 37, 39, 40} is 81.5%
Using feature(s) {2, 3, 4, 5, 8, 9, 10, 11, 12, 13, 14, 15, 16, 18, 20, 21, 23, 24, 26, 27, 28, 29, 31, 32, 34, 35, 36, 37, 39, 40} is 81.3%
Using feature(s) {2, 3, 4, 5, 6, 9, 10, 11, 12, 13, 14, 15, 16, 18, 20, 21, 23, 24, 26, 27, 28, 29, 31, 32, 34, 35, 36, 37, 39, 40} is 80.7%
Using feature(s) {2, 3, 4, 5, 6, 8, 10, 11, 12, 13, 14, 15, 16, 18, 20, 21, 23, 24, 26, 27, 28, 29, 31, 32, 34, 35, 36, 37, 39, 40} is 79.7%
Using feature(s) {2, 3, 4, 5, 6, 8, 9, 11, 12, 13, 14, 15, 16, 18, 20, 21, 23, 24, 26, 27, 28, 29, 31, 32, 34, 35, 36, 37, 39, 40} is 80.8%
Using feature(s) {2, 3, 4, 5, 6, 8, 9, 10, 12, 13, 14, 15, 16, 18, 20, 21, 23, 24, 26, 27, 28, 29, 31, 32, 34, 35, 36, 37, 39, 40} is 80.6%
Using feature(s) {2, 3, 4, 5, 6, 8, 9, 10, 11, 13, 14, 15, 16, 18, 20, 21, 23, 24, 26, 27, 28, 29, 31, 32, 34, 35, 36, 37, 39, 40} is 80.7%
Using feature(s) {2, 3, 4, 5, 6, 8, 9, 10, 11, 12, 14, 15, 16, 18, 20, 21, 23, 24, 26, 27, 28, 29, 31, 32, 34, 35, 36, 37, 39, 40} is 81.4%
Using feature(s) {2, 3, 4, 5, 6, 8, 9, 10, 11, 12, 13, 15, 16, 18, 20, 21, 23, 24, 26, 27, 28, 29, 31, 32, 34, 35, 36, 37, 39, 40} is 80.6%
Using feature(s) {2, 3, 4, 5, 6, 8, 9, 10, 11, 12, 13, 14, 16, 18, 20, 21, 23, 24, 26, 27, 28, 29, 31, 32, 34, 35, 36, 37, 39, 40} is 82.1%
Using feature(s) {2, 3, 4, 5, 6, 8, 9, 10, 11, 12, 13, 14, 15, 18, 20, 21, 23, 24, 26, 27, 28, 29, 31, 32, 34, 35, 36, 37, 39, 40} is 79.8%
Using feature(s) {2, 3, 4, 5, 6, 8, 9, 10, 11, 12, 13, 14, 15, 16, 20, 21, 23, 24, 26, 27, 28, 29, 31, 32, 34, 35, 36, 37, 39, 40} is 81.3%
Using feature(s) {2, 3, 4, 5, 6, 8, 9, 10, 11, 12, 13, 14, 15, 16, 18, 21, 23, 24, 26, 27, 28, 29, 31, 32, 34, 35, 36, 37, 39, 40} is 81.4%
Using feature(s) {2, 3, 4, 5, 6, 8, 9, 10, 11, 12, 13, 14, 15, 16, 18, 20, 23, 24, 26, 27, 28, 29, 31, 32, 34, 35, 36, 37, 39, 40} is 81.0%
Using feature(s) {2, 3, 4, 5, 6, 8, 9, 10, 11, 12, 13, 14, 15, 16, 18, 20, 21, 24, 26, 27, 28, 29, 31, 32, 34, 35, 36, 37, 39, 40} is 81.3%
Using feature(s) {2, 3, 4, 5, 6, 8, 9, 10, 11, 12, 13, 14, 15, 16, 18, 20, 21, 23, 26, 27, 28, 29, 31, 32, 34, 35, 36, 37, 39, 40} is 81.2%
Using feature(s) {2, 3, 4, 5, 6, 8, 9, 10, 11, 12, 13, 14, 15, 16, 18, 20, 21, 23, 24, 27, 28, 29, 31, 32, 34, 35, 36, 37, 39, 40} is 81.3%
Using feature(s) {2, 3, 4, 5, 6, 8, 9, 10, 11, 12, 13, 14, 15, 16, 18, 20, 21, 23, 24, 26, 28, 29, 31, 32, 34, 35, 36, 37, 39, 40} is 81.4%
Using feature(s) {2, 3, 4, 5, 6, 8, 9, 10, 11, 12, 13, 14, 15, 16, 18, 20, 21, 23, 24, 26, 27, 29, 31, 32, 34, 35, 36, 37, 39, 40} is 80.7%
Using feature(s) {2, 3, 4, 5, 6, 8, 9, 10, 11, 12, 13, 14, 15, 16, 18, 20, 21, 23, 24, 26, 27, 28, 31, 32, 34, 35, 36, 37, 39, 40} is 82.0%
Using feature(s) {2, 3, 4, 5, 6, 8, 9, 10, 11, 12, 13, 14, 15, 16, 18, 20, 21, 23, 24, 26, 27, 28, 29, 32, 34, 35, 36, 37, 39, 40} is 82.5%
Using feature(s) {2, 3, 4, 5, 6, 8, 9, 10, 11, 12, 13, 14, 15, 16, 18, 20, 21, 23, 24, 26, 27, 28, 29, 31, 34, 35, 36, 37, 39, 40} is 80.7%
Using feature(s) {2, 3, 4, 5, 6, 8, 9, 10, 11, 12, 13, 14, 15, 16, 18, 20, 21, 23, 24, 26, 27, 28, 29, 31, 32, 35, 36, 37, 39, 40} is 80.2%
Using feature(s) {2, 3, 4, 5, 6, 8, 9, 10, 11, 12, 13, 14, 15, 16, 18, 20, 21, 23, 24, 26, 27, 28, 29, 31, 32, 34, 36, 37, 39, 40} is 80.2%
Using feature(s) {2, 3, 4, 5, 6, 8, 9, 10, 11, 12, 13, 14, 15, 16, 18, 20, 21, 23, 24, 26, 27, 28, 29, 31, 32, 34, 35, 37, 39, 40} is 81.7%
Using feature(s) {2, 3, 4, 5, 6, 8, 9, 10, 11, 12, 13, 14, 15, 16, 18, 20, 21, 23, 24, 26, 27, 28, 29, 31, 32, 34, 35, 36, 39, 40} is 81.1%
Using feature(s) {2, 3, 4, 5, 6, 8, 9, 10, 11, 12, 13, 14, 15, 16, 18, 20, 21, 23, 24, 26, 27, 28, 29, 31, 32, 34, 35, 36, 37, 40} is 80.1%
Using feature(s) {2, 3, 4, 5, 6, 8, 9, 10, 11, 12, 13, 14, 15, 16, 18, 20, 21, 23, 24, 26, 27, 28, 29, 31, 32, 34, 35, 36, 37, 39} is 81.4%
Feature set {2, 3, 4, 5, 6, 8, 9, 10, 11, 12, 13, 14, 15, 16, 18, 20, 21, 23, 24, 26, 27, 28, 29, 32, 34, 35, 36, 37, 39, 40} was best, accuracy is 82.5% | step finished in 584.9207921028137 seconds.
Using feature(s) {3, 4, 5, 6, 8, 9, 10, 11, 12, 13, 14, 15, 16, 18, 20, 21, 23, 24, 26, 27, 28, 29, 32, 34, 35, 36, 37, 39, 40} is 80.9%
Using feature(s) {2, 4, 5, 6, 8, 9, 10, 11, 12, 13, 14, 15, 16, 18, 20, 21, 23, 24, 26, 27, 28, 29, 32, 34, 35, 36, 37, 39, 40} is 82.2%
Using feature(s) {2, 3, 5, 6, 8, 9, 10, 11, 12, 13, 14, 15, 16, 18, 20, 21, 23, 24, 26, 27, 28, 29, 32, 34, 35, 36, 37, 39, 40} is 81.1%
Using feature(s) {2, 3, 4, 6, 8, 9, 10, 11, 12, 13, 14, 15, 16, 18, 20, 21, 23, 24, 26, 27, 28, 29, 32, 34, 35, 36, 37, 39, 40} is 82.6%
Using feature(s) {2, 3, 4, 5, 8, 9, 10, 11, 12, 13, 14, 15, 16, 18, 20, 21, 23, 24, 26, 27, 28, 29, 32, 34, 35, 36, 37, 39, 40} is 80.7%
Using feature(s) {2, 3, 4, 5, 6, 9, 10, 11, 12, 13, 14, 15, 16, 18, 20, 21, 23, 24, 26, 27, 28, 29, 32, 34, 35, 36, 37, 39, 40} is 80.2%
Using feature(s) {2, 3, 4, 5, 6, 8, 10, 11, 12, 13, 14, 15, 16, 18, 20, 21, 23, 24, 26, 27, 28, 29, 32, 34, 35, 36, 37, 39, 40} is 80.7%
Using feature(s) {2, 3, 4, 5, 6, 8, 9, 11, 12, 13, 14, 15, 16, 18, 20, 21, 23, 24, 26, 27, 28, 29, 32, 34, 35, 36, 37, 39, 40} is 80.8%
Using feature(s) {2, 3, 4, 5, 6, 8, 9, 10, 12, 13, 14, 15, 16, 18, 20, 21, 23, 24, 26, 27, 28, 29, 32, 34, 35, 36, 37, 39, 40} is 80.7%
Using feature(s) {2, 3, 4, 5, 6, 8, 9, 10, 11, 13, 14, 15, 16, 18, 20, 21, 23, 24, 26, 27, 28, 29, 32, 34, 35, 36, 37, 39, 40} is 81.6%
Using feature(s) {2, 3, 4, 5, 6, 8, 9, 10, 11, 12, 14, 15, 16, 18, 20, 21, 23, 24, 26, 27, 28, 29, 32, 34, 35, 36, 37, 39, 40} is 81.8%
Using feature(s) {2, 3, 4, 5, 6, 8, 9, 10, 11, 12, 13, 15, 16, 18, 20, 21, 23, 24, 26, 27, 28, 29, 32, 34, 35, 36, 37, 39, 40} is 81.3%
Using feature(s) {2, 3, 4, 5, 6, 8, 9, 10, 11, 12, 13, 14, 16, 18, 20, 21, 23, 24, 26, 27, 28, 29, 32, 34, 35, 36, 37, 39, 40} is 82.2%
Using feature(s) {2, 3, 4, 5, 6, 8, 9, 10, 11, 12, 13, 14, 15, 18, 20, 21, 23, 24, 26, 27, 28, 29, 32, 34, 35, 36, 37, 39, 40} is 81.0%
Using feature(s) {2, 3, 4, 5, 6, 8, 9, 10, 11, 12, 13, 14, 15, 16, 20, 21, 23, 24, 26, 27, 28, 29, 32, 34, 35, 36, 37, 39, 40} is 81.6%
Using feature(s) {2, 3, 4, 5, 6, 8, 9, 10, 11, 12, 13, 14, 15, 16, 18, 21, 23, 24, 26, 27, 28, 29, 32, 34, 35, 36, 37, 39, 40} is 81.5%
Using feature(s) {2, 3, 4, 5, 6, 8, 9, 10, 11, 12, 13, 14, 15, 16, 18, 20, 23, 24, 26, 27, 28, 29, 32, 34, 35, 36, 37, 39, 40} is 80.9%
Using feature(s) {2, 3, 4, 5, 6, 8, 9, 10, 11, 12, 13, 14, 15, 16, 18, 20, 21, 24, 26, 27, 28, 29, 32, 34, 35, 36, 37, 39, 40} is 81.0%
Using feature(s) {2, 3, 4, 5, 6, 8, 9, 10, 11, 12, 13, 14, 15, 16, 18, 20, 21, 23, 26, 27, 28, 29, 32, 34, 35, 36, 37, 39, 40} is 81.5%
Using feature(s) {2, 3, 4, 5, 6, 8, 9, 10, 11, 12, 13, 14, 15, 16, 18, 20, 21, 23, 24, 27, 28, 29, 32, 34, 35, 36, 37, 39, 40} is 80.7%
Using feature(s) {2, 3, 4, 5, 6, 8, 9, 10, 11, 12, 13, 14, 15, 16, 18, 20, 21, 23, 24, 26, 28, 29, 32, 34, 35, 36, 37, 39, 40} is 82.3%
Using feature(s) {2, 3, 4, 5, 6, 8, 9, 10, 11, 12, 13, 14, 15, 16, 18, 20, 21, 23, 24, 26, 27, 29, 32, 34, 35, 36, 37, 39, 40} is 81.0%
Using feature(s) {2, 3, 4, 5, 6, 8, 9, 10, 11, 12, 13, 14, 15, 16, 18, 20, 21, 23, 24, 26, 27, 28, 32, 34, 35, 36, 37, 39, 40} is 81.8%
Using feature(s) {2, 3, 4, 5, 6, 8, 9, 10, 11, 12, 13, 14, 15, 16, 18, 20, 21, 23, 24, 26, 27, 28, 29, 34, 35, 36, 37, 39, 40} is 81.1%
Using feature(s) {2, 3, 4, 5, 6, 8, 9, 10, 11, 12, 13, 14, 15, 16, 18, 20, 21, 23, 24, 26, 27, 28, 29, 32, 35, 36, 37, 39, 40} is 80.7%
Using feature(s) {2, 3, 4, 5, 6, 8, 9, 10, 11, 12, 13, 14, 15, 16, 18, 20, 21, 23, 24, 26, 27, 28, 29, 32, 34, 36, 37, 39, 40} is 80.9%
Using feature(s) {2, 3, 4, 5, 6, 8, 9, 10, 11, 12, 13, 14, 15, 16, 18, 20, 21, 23, 24, 26, 27, 28, 29, 32, 34, 35, 37, 39, 40} is 82.1%
Using feature(s) {2, 3, 4, 5, 6, 8, 9, 10, 11, 12, 13, 14, 15, 16, 18, 20, 21, 23, 24, 26, 27, 28, 29, 32, 34, 35, 36, 39, 40} is 81.5%
Using feature(s) {2, 3, 4, 5, 6, 8, 9, 10, 11, 12, 13, 14, 15, 16, 18, 20, 21, 23, 24, 26, 27, 28, 29, 32, 34, 35, 36, 37, 40} is 79.8%
Using feature(s) {2, 3, 4, 5, 6, 8, 9, 10, 11, 12, 13, 14, 15, 16, 18, 20, 21, 23, 24, 26, 27, 28, 29, 32, 34, 35, 36, 37, 39} is 81.3%
Feature set {2, 3, 4, 6, 8, 9, 10, 11, 12, 13, 14, 15, 16, 18, 20, 21, 23, 24, 26, 27, 28, 29, 32, 34, 35, 36, 37, 39, 40} was best, accuracy is 82.6% | step finished in 542.1222290992737 seconds.
Using feature(s) {3, 4, 6, 8, 9, 10, 11, 12, 13, 14, 15, 16, 18, 20, 21, 23, 24, 26, 27, 28, 29, 32, 34, 35, 36, 37, 39, 40} is 81.0%
Using feature(s) {2, 4, 6, 8, 9, 10, 11, 12, 13, 14, 15, 16, 18, 20, 21, 23, 24, 26, 27, 28, 29, 32, 34, 35, 36, 37, 39, 40} is 81.7%
Using feature(s) {2, 3, 6, 8, 9, 10, 11, 12, 13, 14, 15, 16, 18, 20, 21, 23, 24, 26, 27, 28, 29, 32, 34, 35, 36, 37, 39, 40} is 81.5%
Using feature(s) {2, 3, 4, 8, 9, 10, 11, 12, 13, 14, 15, 16, 18, 20, 21, 23, 24, 26, 27, 28, 29, 32, 34, 35, 36, 37, 39, 40} is 81.5%
Using feature(s) {2, 3, 4, 6, 9, 10, 11, 12, 13, 14, 15, 16, 18, 20, 21, 23, 24, 26, 27, 28, 29, 32, 34, 35, 36, 37, 39, 40} is 80.8%
Using feature(s) {2, 3, 4, 6, 8, 10, 11, 12, 13, 14, 15, 16, 18, 20, 21, 23, 24, 26, 27, 28, 29, 32, 34, 35, 36, 37, 39, 40} is 80.1%
Using feature(s) {2, 3, 4, 6, 8, 9, 11, 12, 13, 14, 15, 16, 18, 20, 21, 23, 24, 26, 27, 28, 29, 32, 34, 35, 36, 37, 39, 40} is 81.3%
Using feature(s) {2, 3, 4, 6, 8, 9, 10, 12, 13, 14, 15, 16, 18, 20, 21, 23, 24, 26, 27, 28, 29, 32, 34, 35, 36, 37, 39, 40} is 81.6%
Using feature(s) {2, 3, 4, 6, 8, 9, 10, 11, 13, 14, 15, 16, 18, 20, 21, 23, 24, 26, 27, 28, 29, 32, 34, 35, 36, 37, 39, 40} is 81.0%
Using feature(s) {2, 3, 4, 6, 8, 9, 10, 11, 12, 14, 15, 16, 18, 20, 21, 23, 24, 26, 27, 28, 29, 32, 34, 35, 36, 37, 39, 40} is 81.2%
Using feature(s) {2, 3, 4, 6, 8, 9, 10, 11, 12, 13, 15, 16, 18, 20, 21, 23, 24, 26, 27, 28, 29, 32, 34, 35, 36, 37, 39, 40} is 81.1%
Using feature(s) {2, 3, 4, 6, 8, 9, 10, 11, 12, 13, 14, 16, 18, 20, 21, 23, 24, 26, 27, 28, 29, 32, 34, 35, 36, 37, 39, 40} is 81.9%
Using feature(s) {2, 3, 4, 6, 8, 9, 10, 11, 12, 13, 14, 15, 18, 20, 21, 23, 24, 26, 27, 28, 29, 32, 34, 35, 36, 37, 39, 40} is 81.5%
Using feature(s) {2, 3, 4, 6, 8, 9, 10, 11, 12, 13, 14, 15, 16, 20, 21, 23, 24, 26, 27, 28, 29, 32, 34, 35, 36, 37, 39, 40} is 80.9%
Using feature(s) {2, 3, 4, 6, 8, 9, 10, 11, 12, 13, 14, 15, 16, 18, 21, 23, 24, 26, 27, 28, 29, 32, 34, 35, 36, 37, 39, 40} is 81.9%
Using feature(s) {2, 3, 4, 6, 8, 9, 10, 11, 12, 13, 14, 15, 16, 18, 20, 23, 24, 26, 27, 28, 29, 32, 34, 35, 36, 37, 39, 40} is 81.2%
Using feature(s) {2, 3, 4, 6, 8, 9, 10, 11, 12, 13, 14, 15, 16, 18, 20, 21, 24, 26, 27, 28, 29, 32, 34, 35, 36, 37, 39, 40} is 81.8%
Using feature(s) {2, 3, 4, 6, 8, 9, 10, 11, 12, 13, 14, 15, 16, 18, 20, 21, 23, 26, 27, 28, 29, 32, 34, 35, 36, 37, 39, 40} is 82.6%
Using feature(s) {2, 3, 4, 6, 8, 9, 10, 11, 12, 13, 14, 15, 16, 18, 20, 21, 23, 24, 27, 28, 29, 32, 34, 35, 36, 37, 39, 40} is 81.3%
Using feature(s) {2, 3, 4, 6, 8, 9, 10, 11, 12, 13, 14, 15, 16, 18, 20, 21, 23, 24, 26, 28, 29, 32, 34, 35, 36, 37, 39, 40} is 82.0%
Using feature(s) {2, 3, 4, 6, 8, 9, 10, 11, 12, 13, 14, 15, 16, 18, 20, 21, 23, 24, 26, 27, 29, 32, 34, 35, 36, 37, 39, 40} is 82.0%
Using feature(s) {2, 3, 4, 6, 8, 9, 10, 11, 12, 13, 14, 15, 16, 18, 20, 21, 23, 24, 26, 27, 28, 32, 34, 35, 36, 37, 39, 40} is 81.8%
Using feature(s) {2, 3, 4, 6, 8, 9, 10, 11, 12, 13, 14, 15, 16, 18, 20, 21, 23, 24, 26, 27, 28, 29, 34, 35, 36, 37, 39, 40} is 80.1%
Using feature(s) {2, 3, 4, 6, 8, 9, 10, 11, 12, 13, 14, 15, 16, 18, 20, 21, 23, 24, 26, 27, 28, 29, 32, 35, 36, 37, 39, 40} is 81.6%
Using feature(s) {2, 3, 4, 6, 8, 9, 10, 11, 12, 13, 14, 15, 16, 18, 20, 21, 23, 24, 26, 27, 28, 29, 32, 34, 36, 37, 39, 40} is 81.3%
Using feature(s) {2, 3, 4, 6, 8, 9, 10, 11, 12, 13, 14, 15, 16, 18, 20, 21, 23, 24, 26, 27, 28, 29, 32, 34, 35, 37, 39, 40} is 81.8%
Using feature(s) {2, 3, 4, 6, 8, 9, 10, 11, 12, 13, 14, 15, 16, 18, 20, 21, 23, 24, 26, 27, 28, 29, 32, 34, 35, 36, 39, 40} is 82.2%
Using feature(s) {2, 3, 4, 6, 8, 9, 10, 11, 12, 13, 14, 15, 16, 18, 20, 21, 23, 24, 26, 27, 28, 29, 32, 34, 35, 36, 37, 40} is 79.7%
Using feature(s) {2, 3, 4, 6, 8, 9, 10, 11, 12, 13, 14, 15, 16, 18, 20, 21, 23, 24, 26, 27, 28, 29, 32, 34, 35, 36, 37, 39} is 81.8%
Feature set {2, 3, 4, 6, 8, 9, 10, 11, 12, 13, 14, 15, 16, 18, 20, 21, 23, 26, 27, 28, 29, 32, 34, 35, 36, 37, 39, 40} was best, accuracy is 82.6% | step finished in 519.4771301746368 seconds.
Using feature(s) {3, 4, 6, 8, 9, 10, 11, 12, 13, 14, 15, 16, 18, 20, 21, 23, 26, 27, 28, 29, 32, 34, 35, 36, 37, 39, 40} is 81.2%
Using feature(s) {2, 4, 6, 8, 9, 10, 11, 12, 13, 14, 15, 16, 18, 20, 21, 23, 26, 27, 28, 29, 32, 34, 35, 36, 37, 39, 40} is 81.8%
Using feature(s) {2, 3, 6, 8, 9, 10, 11, 12, 13, 14, 15, 16, 18, 20, 21, 23, 26, 27, 28, 29, 32, 34, 35, 36, 37, 39, 40} is 80.7%
Using feature(s) {2, 3, 4, 8, 9, 10, 11, 12, 13, 14, 15, 16, 18, 20, 21, 23, 26, 27, 28, 29, 32, 34, 35, 36, 37, 39, 40} is 82.0%
Using feature(s) {2, 3, 4, 6, 9, 10, 11, 12, 13, 14, 15, 16, 18, 20, 21, 23, 26, 27, 28, 29, 32, 34, 35, 36, 37, 39, 40} is 80.5%
Using feature(s) {2, 3, 4, 6, 8, 10, 11, 12, 13, 14, 15, 16, 18, 20, 21, 23, 26, 27, 28, 29, 32, 34, 35, 36, 37, 39, 40} is 81.3%
Using feature(s) {2, 3, 4, 6, 8, 9, 11, 12, 13, 14, 15, 16, 18, 20, 21, 23, 26, 27, 28, 29, 32, 34, 35, 36, 37, 39, 40} is 81.2%
Using feature(s) {2, 3, 4, 6, 8, 9, 10, 12, 13, 14, 15, 16, 18, 20, 21, 23, 26, 27, 28, 29, 32, 34, 35, 36, 37, 39, 40} is 81.5%
Using feature(s) {2, 3, 4, 6, 8, 9, 10, 11, 13, 14, 15, 16, 18, 20, 21, 23, 26, 27, 28, 29, 32, 34, 35, 36, 37, 39, 40} is 82.0%
Using feature(s) {2, 3, 4, 6, 8, 9, 10, 11, 12, 14, 15, 16, 18, 20, 21, 23, 26, 27, 28, 29, 32, 34, 35, 36, 37, 39, 40} is 82.2%
Using feature(s) {2, 3, 4, 6, 8, 9, 10, 11, 12, 13, 15, 16, 18, 20, 21, 23, 26, 27, 28, 29, 32, 34, 35, 36, 37, 39, 40} is 81.6%
Using feature(s) {2, 3, 4, 6, 8, 9, 10, 11, 12, 13, 14, 16, 18, 20, 21, 23, 26, 27, 28, 29, 32, 34, 35, 36, 37, 39, 40} is 82.1%
Using feature(s) {2, 3, 4, 6, 8, 9, 10, 11, 12, 13, 14, 15, 18, 20, 21, 23, 26, 27, 28, 29, 32, 34, 35, 36, 37, 39, 40} is 81.3%
Using feature(s) {2, 3, 4, 6, 8, 9, 10, 11, 12, 13, 14, 15, 16, 20, 21, 23, 26, 27, 28, 29, 32, 34, 35, 36, 37, 39, 40} is 81.6%
Using feature(s) {2, 3, 4, 6, 8, 9, 10, 11, 12, 13, 14, 15, 16, 18, 21, 23, 26, 27, 28, 29, 32, 34, 35, 36, 37, 39, 40} is 81.2%
Using feature(s) {2, 3, 4, 6, 8, 9, 10, 11, 12, 13, 14, 15, 16, 18, 20, 23, 26, 27, 28, 29, 32, 34, 35, 36, 37, 39, 40} is 81.5%
Using feature(s) {2, 3, 4, 6, 8, 9, 10, 11, 12, 13, 14, 15, 16, 18, 20, 21, 26, 27, 28, 29, 32, 34, 35, 36, 37, 39, 40} is 82.7%
Using feature(s) {2, 3, 4, 6, 8, 9, 10, 11, 12, 13, 14, 15, 16, 18, 20, 21, 23, 27, 28, 29, 32, 34, 35, 36, 37, 39, 40} is 81.4%
Using feature(s) {2, 3, 4, 6, 8, 9, 10, 11, 12, 13, 14, 15, 16, 18, 20, 21, 23, 26, 28, 29, 32, 34, 35, 36, 37, 39, 40} is 81.9%
Using feature(s) {2, 3, 4, 6, 8, 9, 10, 11, 12, 13, 14, 15, 16, 18, 20, 21, 23, 26, 27, 29, 32, 34, 35, 36, 37, 39, 40} is 81.6%
Using feature(s) {2, 3, 4, 6, 8, 9, 10, 11, 12, 13, 14, 15, 16, 18, 20, 21, 23, 26, 27, 28, 32, 34, 35, 36, 37, 39, 40} is 81.5%
Using feature(s) {2, 3, 4, 6, 8, 9, 10, 11, 12, 13, 14, 15, 16, 18, 20, 21, 23, 26, 27, 28, 29, 34, 35, 36, 37, 39, 40} is 81.1%
Using feature(s) {2, 3, 4, 6, 8, 9, 10, 11, 12, 13, 14, 15, 16, 18, 20, 21, 23, 26, 27, 28, 29, 32, 35, 36, 37, 39, 40} is 81.2%
Using feature(s) {2, 3, 4, 6, 8, 9, 10, 11, 12, 13, 14, 15, 16, 18, 20, 21, 23, 26, 27, 28, 29, 32, 34, 36, 37, 39, 40} is 82.2%
Using feature(s) {2, 3, 4, 6, 8, 9, 10, 11, 12, 13, 14, 15, 16, 18, 20, 21, 23, 26, 27, 28, 29, 32, 34, 35, 37, 39, 40} is 82.0%
Using feature(s) {2, 3, 4, 6, 8, 9, 10, 11, 12, 13, 14, 15, 16, 18, 20, 21, 23, 26, 27, 28, 29, 32, 34, 35, 36, 39, 40} is 81.1%
Using feature(s) {2, 3, 4, 6, 8, 9, 10, 11, 12, 13, 14, 15, 16, 18, 20, 21, 23, 26, 27, 28, 29, 32, 34, 35, 36, 37, 40} is 81.6%
Using feature(s) {2, 3, 4, 6, 8, 9, 10, 11, 12, 13, 14, 15, 16, 18, 20, 21, 23, 26, 27, 28, 29, 32, 34, 35, 36, 37, 39} is 81.2%
Feature set {2, 3, 4, 6, 8, 9, 10, 11, 12, 13, 14, 15, 16, 18, 20, 21, 26, 27, 28, 29, 32, 34, 35, 36, 37, 39, 40} was best, accuracy is 82.7% | step finished in 475.66219782829285 seconds.
Using feature(s) {3, 4, 6, 8, 9, 10, 11, 12, 13, 14, 15, 16, 18, 20, 21, 26, 27, 28, 29, 32, 34, 35, 36, 37, 39, 40} is 82.2%
Using feature(s) {2, 4, 6, 8, 9, 10, 11, 12, 13, 14, 15, 16, 18, 20, 21, 26, 27, 28, 29, 32, 34, 35, 36, 37, 39, 40} is 81.4%
Using feature(s) {2, 3, 6, 8, 9, 10, 11, 12, 13, 14, 15, 16, 18, 20, 21, 26, 27, 28, 29, 32, 34, 35, 36, 37, 39, 40} is 81.3%
Using feature(s) {2, 3, 4, 8, 9, 10, 11, 12, 13, 14, 15, 16, 18, 20, 21, 26, 27, 28, 29, 32, 34, 35, 36, 37, 39, 40} is 81.9%
Using feature(s) {2, 3, 4, 6, 9, 10, 11, 12, 13, 14, 15, 16, 18, 20, 21, 26, 27, 28, 29, 32, 34, 35, 36, 37, 39, 40} is 81.1%
Using feature(s) {2, 3, 4, 6, 8, 10, 11, 12, 13, 14, 15, 16, 18, 20, 21, 26, 27, 28, 29, 32, 34, 35, 36, 37, 39, 40} is 81.4%
Using feature(s) {2, 3, 4, 6, 8, 9, 11, 12, 13, 14, 15, 16, 18, 20, 21, 26, 27, 28, 29, 32, 34, 35, 36, 37, 39, 40} is 81.1%
Using feature(s) {2, 3, 4, 6, 8, 9, 10, 12, 13, 14, 15, 16, 18, 20, 21, 26, 27, 28, 29, 32, 34, 35, 36, 37, 39, 40} is 82.3%
Using feature(s) {2, 3, 4, 6, 8, 9, 10, 11, 13, 14, 15, 16, 18, 20, 21, 26, 27, 28, 29, 32, 34, 35, 36, 37, 39, 40} is 81.8%
Using feature(s) {2, 3, 4, 6, 8, 9, 10, 11, 12, 14, 15, 16, 18, 20, 21, 26, 27, 28, 29, 32, 34, 35, 36, 37, 39, 40} is 81.4%
Using feature(s) {2, 3, 4, 6, 8, 9, 10, 11, 12, 13, 15, 16, 18, 20, 21, 26, 27, 28, 29, 32, 34, 35, 36, 37, 39, 40} is 82.3%
Using feature(s) {2, 3, 4, 6, 8, 9, 10, 11, 12, 13, 14, 16, 18, 20, 21, 26, 27, 28, 29, 32, 34, 35, 36, 37, 39, 40} is 80.8%
Using feature(s) {2, 3, 4, 6, 8, 9, 10, 11, 12, 13, 14, 15, 18, 20, 21, 26, 27, 28, 29, 32, 34, 35, 36, 37, 39, 40} is 81.1%
Using feature(s) {2, 3, 4, 6, 8, 9, 10, 11, 12, 13, 14, 15, 16, 20, 21, 26, 27, 28, 29, 32, 34, 35, 36, 37, 39, 40} is 82.0%
Using feature(s) {2, 3, 4, 6, 8, 9, 10, 11, 12, 13, 14, 15, 16, 18, 21, 26, 27, 28, 29, 32, 34, 35, 36, 37, 39, 40} is 81.4%
Using feature(s) {2, 3, 4, 6, 8, 9, 10, 11, 12, 13, 14, 15, 16, 18, 20, 26, 27, 28, 29, 32, 34, 35, 36, 37, 39, 40} is 82.4%
Using feature(s) {2, 3, 4, 6, 8, 9, 10, 11, 12, 13, 14, 15, 16, 18, 20, 21, 27, 28, 29, 32, 34, 35, 36, 37, 39, 40} is 81.0%
Using feature(s) {2, 3, 4, 6, 8, 9, 10, 11, 12, 13, 14, 15, 16, 18, 20, 21, 26, 28, 29, 32, 34, 35, 36, 37, 39, 40} is 81.1%
Using feature(s) {2, 3, 4, 6, 8, 9, 10, 11, 12, 13, 14, 15, 16, 18, 20, 21, 26, 27, 29, 32, 34, 35, 36, 37, 39, 40} is 81.3%
Using feature(s) {2, 3, 4, 6, 8, 9, 10, 11, 12, 13, 14, 15, 16, 18, 20, 21, 26, 27, 28, 32, 34, 35, 36, 37, 39, 40} is 81.5%
Using feature(s) {2, 3, 4, 6, 8, 9, 10, 11, 12, 13, 14, 15, 16, 18, 20, 21, 26, 27, 28, 29, 34, 35, 36, 37, 39, 40} is 80.7%
Using feature(s) {2, 3, 4, 6, 8, 9, 10, 11, 12, 13, 14, 15, 16, 18, 20, 21, 26, 27, 28, 29, 32, 35, 36, 37, 39, 40} is 81.1%
Using feature(s) {2, 3, 4, 6, 8, 9, 10, 11, 12, 13, 14, 15, 16, 18, 20, 21, 26, 27, 28, 29, 32, 34, 36, 37, 39, 40} is 81.2%
Using feature(s) {2, 3, 4, 6, 8, 9, 10, 11, 12, 13, 14, 15, 16, 18, 20, 21, 26, 27, 28, 29, 32, 34, 35, 37, 39, 40} is 81.5%
Using feature(s) {2, 3, 4, 6, 8, 9, 10, 11, 12, 13, 14, 15, 16, 18, 20, 21, 26, 27, 28, 29, 32, 34, 35, 36, 39, 40} is 81.6%
Using feature(s) {2, 3, 4, 6, 8, 9, 10, 11, 12, 13, 14, 15, 16, 18, 20, 21, 26, 27, 28, 29, 32, 34, 35, 36, 37, 40} is 80.5%
Using feature(s) {2, 3, 4, 6, 8, 9, 10, 11, 12, 13, 14, 15, 16, 18, 20, 21, 26, 27, 28, 29, 32, 34, 35, 36, 37, 39} is 80.5%
Feature set {2, 3, 4, 6, 8, 9, 10, 11, 12, 13, 14, 15, 16, 18, 20, 26, 27, 28, 29, 32, 34, 35, 36, 37, 39, 40} was best, accuracy is 82.4% | step finished in 450.35142731666565 seconds.
(Warning, accuracy has decreased!)
Finished Search!!! The best feature subset is {2, 3, 4, 6, 8, 9, 10, 11, 12, 13, 14, 15, 16, 18, 20, 21, 26, 27, 28, 29, 32, 34, 35, 36, 37, 39, 40}, which has an accuracy of 82.7% | step finished in 9226.30821275711 seconds.
